100
0.028712 0.123721
0.051961 0.097672
0.057850 0.098891
0.060331 0.097787
0.059513 0.099370
0.056267 0.100618
0.063558 0.108105
0.056761 0.110636
0.056829 0.119959
0.043888 0.124816
0.033354 0.152568
0.048070 0.130038
0.059502 0.125929
0.055269 0.125612
0.057790 0.121741
0.051190 0.124367
0.069626 0.151622
0.046916 0.126517
0.049840 0.133211
0.054960 0.140882
0.040658 0.160060
0.055135 0.132763
0.055238 0.124033
0.056034 0.123749
0.054440 0.120688
0.060975 0.123010
0.053766 0.123146
0.053594 0.127787
0.053838 0.129387
0.058770 0.144801
0.032991 0.160462
0.054489 0.133701
0.046383 0.122649
0.053147 0.123862
0.052463 0.118358
0.056483 0.117728
0.048313 0.116872
0.059983 0.127675
0.056021 0.128521
0.065824 0.132633
0.033356 0.165211
0.045585 0.135276
0.055962 0.125902
0.055706 0.120187
0.058758 0.115948
0.059163 0.117848
0.053452 0.115645
0.053362 0.122189
0.062542 0.125115
0.063130 0.133959
0.042538 0.169224
0.047178 0.127691
0.047433 0.120595
0.046693 0.114028
0.044978 0.111980
0.052547 0.116587
0.052242 0.116696
0.057164 0.116000
0.057529 0.119849
0.053691 0.129903
0.037916 0.172654
0.039663 0.127025
0.057140 0.122318
0.055827 0.117170
0.049869 0.108346
0.047465 0.112878
0.053387 0.108319
0.050915 0.110512
0.055293 0.118186
0.055776 0.124264
0.053630 0.164835
0.040739 0.135245
0.042945 0.123565
0.045017 0.111111
0.049243 0.110927
0.053621 0.110411
0.051315 0.106351
0.053160 0.111906
0.055343 0.119025
0.054584 0.118846
0.050048 0.173586
0.052069 0.128621
0.044513 0.121097
0.046565 0.111641
0.050055 0.109459
0.044598 0.107532
0.045670 0.109953
0.045153 0.109611
0.051275 0.115243
0.049587 0.109790
0.041484 0.191298
0.032389 0.135986
0.032626 0.123376
0.042618 0.121519
0.048757 0.126296
0.044226 0.115426
0.039521 0.114812
0.049876 0.110572
0.051936 0.114820
0.047445 0.109850
1 1 1.000000
1 2 0.849109
1 3 0.796448
1 4 0.776993
1 5 0.745460
1 6 0.750007
1 7 0.743266
1 8 0.751386
1 9 0.750697
1 10 0.772599
1 11 0.889833
1 12 0.809700
1 13 0.759462
1 14 0.745775
1 15 0.730320
1 16 0.736210
1 17 0.595757
1 18 0.737442
1 19 0.735568
1 20 0.760146
1 21 0.844218
1 22 0.785175
1 23 0.758095
1 24 0.738005
1 25 0.710457
1 26 0.705355
1 27 0.720922
1 28 0.716559
1 29 0.728105
1 30 0.734346
1 31 0.814437
1 32 0.764079
1 33 0.746126
1 34 0.720334
1 35 0.718482
1 36 0.719568
1 37 0.722241
1 38 0.708280
1 39 0.718335
1 40 0.723327
1 41 0.769209
1 42 0.753838
1 43 0.717459
1 44 0.708059
1 45 0.715936
1 46 0.712091
1 47 0.708137
1 48 0.715805
1 49 0.696661
1 50 0.715309
1 51 0.706918
1 52 0.729526
1 53 0.719254
1 54 0.711517
1 55 0.700292
1 56 0.697770
1 57 0.701142
1 58 0.699395
1 59 0.703215
1 60 0.704907
1 61 0.683256
1 62 0.701044
1 63 0.692771
1 64 0.703996
1 65 0.687128
1 66 0.696553
1 67 0.686521
1 68 0.695317
1 69 0.699829
1 70 0.682223
1 71 0.671247
1 72 0.696396
1 73 0.681555
1 74 0.672370
1 75 0.675968
1 76 0.678539
1 77 0.674187
1 78 0.675278
1 79 0.677492
1 80 0.669943
1 81 0.613193
1 82 0.669020
1 83 0.654865
1 84 0.636143
1 85 0.647599
1 86 0.641731
1 87 0.654238
1 88 0.659744
1 89 0.648486
1 90 0.619922
1 91 0.528973
1 92 0.613901
1 93 0.575790
1 94 0.597000
1 95 0.592044
1 96 0.555275
1 97 0.595263
1 98 0.583089
1 99 0.590199
1 100 0.555017
2 2 1.000000
2 3 0.848965
2 4 0.834952
2 5 0.816355
2 6 0.809592
2 7 0.794593
2 8 0.793642
2 9 0.783910
2 10 0.798064
2 11 0.814153
2 12 0.834330
2 13 0.809147
2 14 0.800860
2 15 0.796967
2 16 0.788457
2 17 0.649837
2 18 0.792549
2 19 0.781805
2 20 0.784562
2 21 0.772038
2 22 0.791138
2 23 0.802021
2 24 0.785845
2 25 0.765366
2 26 0.761908
2 27 0.773600
2 28 0.758491
2 29 0.771764
2 30 0.774672
2 31 0.747033
2 32 0.772774
2 33 0.778294
2 34 0.762231
2 35 0.765569
2 36 0.764571
2 37 0.766116
2 38 0.751338
2 39 0.761680
2 40 0.760716
2 41 0.699933
2 42 0.751071
2 43 0.751625
2 44 0.756208
2 45 0.755431
2 46 0.750762
2 47 0.750355
2 48 0.755023
2 49 0.736977
2 50 0.756910
2 51 0.630944
2 52 0.731049
2 53 0.745203
2 54 0.743632
2 55 0.740946
2 56 0.745260
2 57 0.735846
2 58 0.740538
2 59 0.735952
2 60 0.737739
2 61 0.616699
2 62 0.700308
2 63 0.699279
2 64 0.730229
2 65 0.725137
2 66 0.734057
2 67 0.721280
2 68 0.731462
2 69 0.728265
2 70 0.711837
2 71 0.612451
2 72 0.705432
2 73 0.694200
2 74 0.696350
2 75 0.701329
2 76 0.706607
2 77 0.709843
2 78 0.707161
2 79 0.689225
2 80 0.690174
2 81 0.566234
2 82 0.666747
2 83 0.676690
2 84 0.651454
2 85 0.672948
2 86 0.671199
2 87 0.675246
2 88 0.688836
2 89 0.686520
2 90 0.650808
2 91 0.509247
2 92 0.625728
2 93 0.600999
2 94 0.611706
2 95 0.603897
2 96 0.581738
2 97 0.606525
2 98 0.595781
2 99 0.593896
2 100 0.577010
3 3 1.000000
3 4 0.846828
3 5 0.832452
3 6 0.822047
3 7 0.797945
3 8 0.797602
3 9 0.783844
3 10 0.784741
3 11 0.777992
3 12 0.819450
3 13 0.811119
3 14 0.813617
3 15 0.806744
3 16 0.799430
3 17 0.648495
3 18 0.788592
3 19 0.785076
3 20 0.772618
3 21 0.731501
3 22 0.771469
3 23 0.795465
3 24 0.792962
3 25 0.775932
3 26 0.768952
3 27 0.779571
3 28 0.762479
3 29 0.772168
3 30 0.772753
3 31 0.707748
3 32 0.753330
3 33 0.773881
3 34 0.770050
3 35 0.770729
3 36 0.770352
3 37 0.767710
3 38 0.757596
3 39 0.756133
3 40 0.756661
3 41 0.661098
3 42 0.733473
3 43 0.753428
3 44 0.758047
3 45 0.762746
3 46 0.756112
3 47 0.748420
3 48 0.759629
3 49 0.737526
3 50 0.751535
3 51 0.593788
3 52 0.709227
3 53 0.738952
3 54 0.750135
3 55 0.746213
3 56 0.754740
3 57 0.734781
3 58 0.735426
3 59 0.733609
3 60 0.730272
3 61 0.584275
3 62 0.678141
3 63 0.697507
3 64 0.725087
3 65 0.722472
3 66 0.734179
3 67 0.715259
3 68 0.725925
3 69 0.727253
3 70 0.707628
3 71 0.569114
3 72 0.695600
3 73 0.687131
3 74 0.688993
3 75 0.701860
3 76 0.708222
3 77 0.704032
3 78 0.702849
3 79 0.689954
3 80 0.686886
3 81 0.535171
3 82 0.652077
3 83 0.670021
3 84 0.646332
3 85 0.674647
3 86 0.673739
3 87 0.670760
3 88 0.684512
3 89 0.686155
3 90 0.649314
3 91 0.487513
3 92 0.611971
3 93 0.594826
3 94 0.611079
3 95 0.600679
3 96 0.585198
3 97 0.606187
3 98 0.589752
3 99 0.588129
3 100 0.575226
4 4 1.000000
4 5 0.828796
4 6 0.818721
4 7 0.791032
4 8 0.786473
4 9 0.774224
4 10 0.769822
4 11 0.758633
4 12 0.805695
4 13 0.803124
4 14 0.804389
4 15 0.805954
4 16 0.790823
4 17 0.642002
4 18 0.782515
4 19 0.774275
4 20 0.763183
4 21 0.714464
4 22 0.759306
4 23 0.784397
4 24 0.784475
4 25 0.765568
4 26 0.766923
4 27 0.769116
4 28 0.750323
4 29 0.764244
4 30 0.765886
4 31 0.692209
4 32 0.737331
4 33 0.763243
4 34 0.762251
4 35 0.764804
4 36 0.759626
4 37 0.757237
4 38 0.741927
4 39 0.748048
4 40 0.746656
4 41 0.644814
4 42 0.717783
4 43 0.742363
4 44 0.750645
4 45 0.749371
4 46 0.744511
4 47 0.731978
4 48 0.747748
4 49 0.726851
4 50 0.739501
4 51 0.573612
4 52 0.689948
4 53 0.727055
4 54 0.733313
4 55 0.735657
4 56 0.742043
4 57 0.726513
4 58 0.724428
4 59 0.722807
4 60 0.719276
4 61 0.562029
4 62 0.661826
4 63 0.684328
4 64 0.712059
4 65 0.707716
4 66 0.721581
4 67 0.698017
4 68 0.714239
4 69 0.710697
4 70 0.695127
4 71 0.551767
4 72 0.674767
4 73 0.672310
4 74 0.676096
4 75 0.685044
4 76 0.694283
4 77 0.691097
4 78 0.688943
4 79 0.677445
4 80 0.670344
4 81 0.517790
4 82 0.634535
4 83 0.650339
4 84 0.628475
4 85 0.658634
4 86 0.659646
4 87 0.649361
4 88 0.666498
4 89 0.669630
4 90 0.631042
4 91 0.472450
4 92 0.593745
4 93 0.575352
4 94 0.593223
4 95 0.582066
4 96 0.561981
4 97 0.584926
4 98 0.572128
4 99 0.569900
4 100 0.559016
5 5 1.000000
5 6 0.816208
5 7 0.791911
5 8 0.780100
5 9 0.769552
5 10 0.754933
5 11 0.733620
5 12 0.786813
5 13 0.794277
5 14 0.797145
5 15 0.799009
5 16 0.790289
5 17 0.659711
5 18 0.769691
5 19 0.767377
5 20 0.745325
5 21 0.689077
5 22 0.739965
5 23 0.770162
5 24 0.772442
5 25 0.760966
5 26 0.758517
5 27 0.761839
5 28 0.741490
5 29 0.756303
5 30 0.750937
5 31 0.664676
5 32 0.722884
5 33 0.748275
5 34 0.745850
5 35 0.754526
5 36 0.750286
5 37 0.746501
5 38 0.733655
5 39 0.737472
5 40 0.734078
5 41 0.616133
5 42 0.693749
5 43 0.726877
5 44 0.736704
5 45 0.738218
5 46 0.735749
5 47 0.721772
5 48 0.739980
5 49 0.716852
5 50 0.727025
5 51 0.555742
5 52 0.675873
5 53 0.709814
5 54 0.723466
5 55 0.728526
5 56 0.732148
5 57 0.721390
5 58 0.719149
5 59 0.711030
5 60 0.706359
5 61 0.541851
5 62 0.642883
5 63 0.667985
5 64 0.696347
5 65 0.694354
5 66 0.713196
5 67 0.689681
5 68 0.702621
5 69 0.700638
5 70 0.683321
5 71 0.527504
5 72 0.657698
5 73 0.657299
5 74 0.659802
5 75 0.675580
5 76 0.682789
5 77 0.684824
5 78 0.678839
5 79 0.661216
5 80 0.654682
5 81 0.497866
5 82 0.612581
5 83 0.641995
5 84 0.616437
5 85 0.653668
5 86 0.652025
5 87 0.640494
5 88 0.658649
5 89 0.661009
5 90 0.620943
5 91 0.456798
5 92 0.582778
5 93 0.567809
5 94 0.583606
5 95 0.578207
5 96 0.562654
5 97 0.574638
5 98 0.560369
5 99 0.556782
5 100 0.548570
6 6 1.000000
6 7 0.782643
6 8 0.776033
6 9 0.765225
6 10 0.753386
6 11 0.738812
6 12 0.791423
6 13 0.785190
6 14 0.791000
6 15 0.798561
6 16 0.791372
6 17 0.636558
6 18 0.776484
6 19 0.768945
6 20 0.748644
6 21 0.699027
6 22 0.738915
6 23 0.767414
6 24 0.767632
6 25 0.754296
6 26 0.749047
6 27 0.761445
6 28 0.744774
6 29 0.756974
6 30 0.750520
6 31 0.677261
6 32 0.722204
6 33 0.750086
6 34 0.744831
6 35 0.755643
6 36 0.749127
6 37 0.746438
6 38 0.733775
6 39 0.739118
6 40 0.733117
6 41 0.630709
6 42 0.701075
6 43 0.723202
6 44 0.735264
6 45 0.739400
6 46 0.738313
6 47 0.728220
6 48 0.737179
6 49 0.722712
6 50 0.729511
6 51 0.560805
6 52 0.676641
6 53 0.708041
6 54 0.723088
6 55 0.722771
6 56 0.729981
6 57 0.713682
6 58 0.717412
6 59 0.704533
6 60 0.705563
6 61 0.548481
6 62 0.650884
6 63 0.664701
6 64 0.692460
6 65 0.697580
6 66 0.710037
6 67 0.689709
6 68 0.705218
6 69 0.700906
6 70 0.685914
6 71 0.536692
6 72 0.669685
6 73 0.658624
6 74 0.664636
6 75 0.678626
6 76 0.685805
6 77 0.689938
6 78 0.681761
6 79 0.658306
6 80 0.668778
6 81 0.505025
6 82 0.617062
6 83 0.643815
6 84 0.623866
6 85 0.654797
6 86 0.651625
6 87 0.648963
6 88 0.662172
6 89 0.668361
6 90 0.629244
6 91 0.468154
6 92 0.594314
6 93 0.573919
6 94 0.593185
6 95 0.584847
6 96 0.562664
6 97 0.578362
6 98 0.566220
6 99 0.564184
6 100 0.552367
7 7 1.000000
7 8 0.760402
7 9 0.756415
7 10 0.751444
7 11 0.728731
7 12 0.772026
7 13 0.769586
7 14 0.764936
7 15 0.770474
7 16 0.764209
7 17 0.622726
7 18 0.757396
7 19 0.763490
7 20 0.736776
7 21 0.687981
7 22 0.727630
7 23 0.748600
7 24 0.746638
7 25 0.737319
7 26 0.733326
7 27 0.741274
7 28 0.725285
7 29 0.733244
7 30 0.739816
7 31 0.660117
7 32 0.711034
7 33 0.729768
7 34 0.725353
7 35 0.736917
7 36 0.729509
7 37 0.731584
7 38 0.717565
7 39 0.724142
7 40 0.720858
7 41 0.618732
7 42 0.686612
7 43 0.711908
7 44 0.712888
7 45 0.718978
7 46 0.717902
7 47 0.709646
7 48 0.723349
7 49 0.698497
7 50 0.720662
7 51 0.557324
7 52 0.663514
7 53 0.697509
7 54 0.704703
7 55 0.705632
7 56 0.712125
7 57 0.703816
7 58 0.708729
7 59 0.691391
7 60 0.693053
7 61 0.547304
7 62 0.633806
7 63 0.652484
7 64 0.681262
7 65 0.680700
7 66 0.692740
7 67 0.675906
7 68 0.688803
7 69 0.688530
7 70 0.677001
7 71 0.533961
7 72 0.648961
7 73 0.643344
7 74 0.647616
7 75 0.660068
7 76 0.666936
7 77 0.671876
7 78 0.667972
7 79 0.647488
7 80 0.652876
7 81 0.503083
7 82 0.606793
7 83 0.627190
7 84 0.598658
7 85 0.632423
7 86 0.639888
7 87 0.637363
7 88 0.647107
7 89 0.652522
7 90 0.612985
7 91 0.459231
7 92 0.572577
7 93 0.557920
7 94 0.571442
7 95 0.569495
7 96 0.543730
7 97 0.564515
7 98 0.556386
7 99 0.551038
7 100 0.537666
8 8 1.000000
8 9 0.749892
8 10 0.745801
8 11 0.729963
8 12 0.771275
8 13 0.763041
8 14 0.763842
8 15 0.758586
8 16 0.752594
8 17 0.613641
8 18 0.751667
8 19 0.756745
8 20 0.737227
8 21 0.690612
8 22 0.726925
8 23 0.748218
8 24 0.745182
8 25 0.732741
8 26 0.728675
8 27 0.745859
8 28 0.727863
8 29 0.740425
8 30 0.737569
8 31 0.665638
8 32 0.708913
8 33 0.731953
8 34 0.726848
8 35 0.727920
8 36 0.734075
8 37 0.732944
8 38 0.725212
8 39 0.728935
8 40 0.726072
8 41 0.623410
8 42 0.696914
8 43 0.715159
8 44 0.711102
8 45 0.725603
8 46 0.723775
8 47 0.714735
8 48 0.728776
8 49 0.711735
8 50 0.725348
8 51 0.566211
8 52 0.673854
8 53 0.694833
8 54 0.710017
8 55 0.709369
8 56 0.717480
8 57 0.707795
8 58 0.713797
8 59 0.704657
8 60 0.699421
8 61 0.553625
8 62 0.647540
8 63 0.660657
8 64 0.684007
8 65 0.685703
8 66 0.706577
8 67 0.685072
8 68 0.703873
8 69 0.698900
8 70 0.680292
8 71 0.539387
8 72 0.657498
8 73 0.651306
8 74 0.658834
8 75 0.671651
8 76 0.674064
8 77 0.681306
8 78 0.679379
8 79 0.658317
8 80 0.656897
8 81 0.508319
8 82 0.619795
8 83 0.638709
8 84 0.613171
8 85 0.646206
8 86 0.645684
8 87 0.645610
8 88 0.655412
8 89 0.658883
8 90 0.619544
8 91 0.465721
8 92 0.580945
8 93 0.561885
8 94 0.576639
8 95 0.575408
8 96 0.550740
8 97 0.572423
8 98 0.561597
8 99 0.557486
8 100 0.545721
9 9 1.000000
9 10 0.748538
9 11 0.729278
9 12 0.763336
9 13 0.748446
9 14 0.750551
9 15 0.748602
9 16 0.742100
9 17 0.600286
9 18 0.752921
9 19 0.746187
9 20 0.736302
9 21 0.695458
9 22 0.719715
9 23 0.738396
9 24 0.738637
9 25 0.721291
9 26 0.722349
9 27 0.734489
9 28 0.723913
9 29 0.733044
9 30 0.743043
9 31 0.666822
9 32 0.707262
9 33 0.727373
9 34 0.716797
9 35 0.722905
9 36 0.719343
9 37 0.730401
9 38 0.714247
9 39 0.727868
9 40 0.729056
9 41 0.622570
9 42 0.689742
9 43 0.705096
9 44 0.705047
9 45 0.715155
9 46 0.716310
9 47 0.709641
9 48 0.726152
9 49 0.706670
9 50 0.728461
9 51 0.570473
9 52 0.665626
9 53 0.695644
9 54 0.701969
9 55 0.710689
9 56 0.713355
9 57 0.706103
9 58 0.713491
9 59 0.701984
9 60 0.693031
9 61 0.551825
9 62 0.647241
9 63 0.654838
9 64 0.680878
9 65 0.682345
9 66 0.702813
9 67 0.682554
9 68 0.695852
9 69 0.694450
9 70 0.674242
9 71 0.537671
9 72 0.657148
9 73 0.642575
9 74 0.649854
9 75 0.663217
9 76 0.669981
9 77 0.679027
9 78 0.675493
9 79 0.649754
9 80 0.653948
9 81 0.509654
9 82 0.614039
9 83 0.640046
9 84 0.600504
9 85 0.635422
9 86 0.634981
9 87 0.636556
9 88 0.651696
9 89 0.655830
9 90 0.613183
9 91 0.466082
9 92 0.577749
9 93 0.563779
9 94 0.572978
9 95 0.565771
9 96 0.540935
9 97 0.572661
9 98 0.556992
9 99 0.558035
9 100 0.544563
10 10 1.000000
10 11 0.744852
10 12 0.765552
10 13 0.749610
10 14 0.746805
10 15 0.740058
10 16 0.736486
10 17 0.599956
10 18 0.745234
10 19 0.745006
10 20 0.739636
10 21 0.703326
10 22 0.728717
10 23 0.736556
10 24 0.729354
10 25 0.719217
10 26 0.709548
10 27 0.724158
10 28 0.714494
10 29 0.729151
10 30 0.733665
10 31 0.681366
10 32 0.710178
10 33 0.720198
10 34 0.707718
10 35 0.712089
10 36 0.711231
10 37 0.721877
10 38 0.705931
10 39 0.717383
10 40 0.721575
10 41 0.647180
10 42 0.695311
10 43 0.697228
10 44 0.699137
10 45 0.709237
10 46 0.706102
10 47 0.707106
10 48 0.712440
10 49 0.694039
10 50 0.720685
10 51 0.584395
10 52 0.669356
10 53 0.689867
10 54 0.693352
10 55 0.702146
10 56 0.697556
10 57 0.692396
10 58 0.702675
10 59 0.697395
10 60 0.696274
10 61 0.565492
10 62 0.649470
10 63 0.650910
10 64 0.676399
10 65 0.677405
10 66 0.689175
10 67 0.677086
10 68 0.689601
10 69 0.688432
10 70 0.672196
10 71 0.562561
10 72 0.655405
10 73 0.638634
10 74 0.646847
10 75 0.657259
10 76 0.664262
10 77 0.667673
10 78 0.663759
10 79 0.648032
10 80 0.653414
10 81 0.521661
10 82 0.615062
10 83 0.626682
10 84 0.598898
10 85 0.627246
10 86 0.624561
10 87 0.630674
10 88 0.647211
10 89 0.644813
10 90 0.611967
10 91 0.470500
10 92 0.574379
10 93 0.556045
10 94 0.559776
10 95 0.562351
10 96 0.538488
10 97 0.567387
10 98 0.557588
10 99 0.554267
10 100 0.538107
11 11 1.000000
11 12 0.834301
11 13 0.795360
11 14 0.780284
11 15 0.767172
11 16 0.769403
11 17 0.620972
11 18 0.765104
11 19 0.763279
11 20 0.771821
11 21 0.879748
11 22 0.823805
11 23 0.792603
11 24 0.782126
11 25 0.755097
11 26 0.746341
11 27 0.764554
11 28 0.750016
11 29 0.764044
11 30 0.760952
11 31 0.849601
11 32 0.809069
11 33 0.788471
11 34 0.766604
11 35 0.767051
11 36 0.767142
11 37 0.767881
11 38 0.748594
11 39 0.759834
11 40 0.760078
11 41 0.811888
11 42 0.796543
11 43 0.765809
11 44 0.750858
11 45 0.765036
11 46 0.758960
11 47 0.756348
11 48 0.754906
11 49 0.743187
11 50 0.751781
11 51 0.751295
11 52 0.770001
11 53 0.753559
11 54 0.751521
11 55 0.741416
11 56 0.738615
11 57 0.737598
11 58 0.742449
11 59 0.742941
11 60 0.738612
11 61 0.719737
11 62 0.737237
11 63 0.733917
11 64 0.743646
11 65 0.726286
11 66 0.733530
11 67 0.724720
11 68 0.736671
11 69 0.739582
11 70 0.722917
11 71 0.714729
11 72 0.743634
11 73 0.732501
11 74 0.721575
11 75 0.727690
11 76 0.723105
11 77 0.721806
11 78 0.720318
11 79 0.721798
11 80 0.714965
11 81 0.654058
11 82 0.713210
11 83 0.705678
11 84 0.696250
11 85 0.704487
11 86 0.698397
11 87 0.709114
11 88 0.710686
11 89 0.702656
11 90 0.670320
11 91 0.568477
11 92 0.660244
11 93 0.627695
11 94 0.651708
11 95 0.651443
11 96 0.620672
11 97 0.652992
11 98 0.641101
11 99 0.649757
11 100 0.613952
12 12 1.000000
12 13 0.839439
12 14 0.835254
12 15 0.828790
12 16 0.822298
12 17 0.667993
12 18 0.818637
12 19 0.808691
12 20 0.793207
12 21 0.798502
12 22 0.828430
12 23 0.836445
12 24 0.826846
12 25 0.809572
12 26 0.798392
12 27 0.814725
12 28 0.798150
12 29 0.803833
12 30 0.805364
12 31 0.773285
12 32 0.808805
12 33 0.821100
12 34 0.803351
12 35 0.803124
12 36 0.808832
12 37 0.810366
12 38 0.789801
12 39 0.796680
12 40 0.787293
12 41 0.732799
12 42 0.780570
12 43 0.795207
12 44 0.791756
12 45 0.797230
12 46 0.798468
12 47 0.795341
12 48 0.794731
12 49 0.773913
12 50 0.788463
12 51 0.666070
12 52 0.768023
12 53 0.770883
12 54 0.779657
12 55 0.777771
12 56 0.783215
12 57 0.767995
12 58 0.771346
12 59 0.766519
12 60 0.760773
12 61 0.636022
12 62 0.728330
12 63 0.727955
12 64 0.756906
12 65 0.753672
12 66 0.767476
12 67 0.754681
12 68 0.762962
12 69 0.762299
12 70 0.746993
12 71 0.644899
12 72 0.742637
12 73 0.736057
12 74 0.735484
12 75 0.742365
12 76 0.744100
12 77 0.750970
12 78 0.744517
12 79 0.718530
12 80 0.720652
12 81 0.599491
12 82 0.701549
12 83 0.720605
12 84 0.694520
12 85 0.718345
12 86 0.716111
12 87 0.719744
12 88 0.728040
12 89 0.729767
12 90 0.686746
12 91 0.542063
12 92 0.668188
12 93 0.641764
12 94 0.668190
12 95 0.655317
12 96 0.635264
12 97 0.656778
12 98 0.644480
12 99 0.641929
12 100 0.624406
13 13 1.000000
13 14 0.836032
13 15 0.836271
13 16 0.826468
13 17 0.658872
13 18 0.808661
13 19 0.799366
13 20 0.778448
13 21 0.760968
13 22 0.806539
13 23 0.826610
13 24 0.830074
13 25 0.813840
13 26 0.812819
13 27 0.814836
13 28 0.789095
13 29 0.796906
13 30 0.786608
13 31 0.733146
13 32 0.783368
13 33 0.804616
13 34 0.807057
13 35 0.812153
13 36 0.807448
13 37 0.803026
13 38 0.789429
13 39 0.784809
13 40 0.773367
13 41 0.692642
13 42 0.762844
13 43 0.790346
13 44 0.793233
13 45 0.795608
13 46 0.793061
13 47 0.788894
13 48 0.787276
13 49 0.775874
13 50 0.767130
13 51 0.626993
13 52 0.736744
13 53 0.759624
13 54 0.772337
13 55 0.776104
13 56 0.774003
13 57 0.763239
13 58 0.762119
13 59 0.749685
13 60 0.741729
13 61 0.604722
13 62 0.700235
13 63 0.724044
13 64 0.747573
13 65 0.747478
13 66 0.758183
13 67 0.739126
13 68 0.745589
13 69 0.749728
13 70 0.730728
13 71 0.598144
13 72 0.723517
13 73 0.727287
13 74 0.719742
13 75 0.731630
13 76 0.740023
13 77 0.736611
13 78 0.724597
13 79 0.714885
13 80 0.707599
13 81 0.569311
13 82 0.680036
13 83 0.707690
13 84 0.690405
13 85 0.710956
13 86 0.703374
13 87 0.705605
13 88 0.715463
13 89 0.714997
13 90 0.665481
13 91 0.514193
13 92 0.647184
13 93 0.631592
13 94 0.653058
13 95 0.648512
13 96 0.625304
13 97 0.642201
13 98 0.625489
13 99 0.621235
13 100 0.602934
14 14 1.000000
14 15 0.843165
14 16 0.823420
14 17 0.665878
14 18 0.809338
14 19 0.801323
14 20 0.775947
14 21 0.744405
14 22 0.800986
14 23 0.820552
14 24 0.831877
14 25 0.814474
14 26 0.807592
14 27 0.818019
14 28 0.792248
14 29 0.803557
14 30 0.790511
14 31 0.718010
14 32 0.772255
14 33 0.805380
14 34 0.809267
14 35 0.809207
14 36 0.807228
14 37 0.806490
14 38 0.786487
14 39 0.782055
14 40 0.778591
14 41 0.677533
14 42 0.755048
14 43 0.785205
14 44 0.790683
14 45 0.797723
14 46 0.796201
14 47 0.788583
14 48 0.790589
14 49 0.770908
14 50 0.772913
14 51 0.611122
14 52 0.723840
14 53 0.755214
14 54 0.776415
14 55 0.780302
14 56 0.781208
14 57 0.763872
14 58 0.757944
14 59 0.752489
14 60 0.741675
14 61 0.584740
14 62 0.692383
14 63 0.719324
14 64 0.744882
14 65 0.741817
14 66 0.764115
14 67 0.734308
14 68 0.753510
14 69 0.745248
14 70 0.726965
14 71 0.583520
14 72 0.721554
14 73 0.716658
14 74 0.720463
14 75 0.731713
14 76 0.737212
14 77 0.740474
14 78 0.729290
14 79 0.709787
14 80 0.700674
14 81 0.548701
14 82 0.670589
14 83 0.704169
14 84 0.680542
14 85 0.713615
14 86 0.705475
14 87 0.704469
14 88 0.710183
14 89 0.714775
14 90 0.666630
14 91 0.500264
14 92 0.639732
14 93 0.620914
14 94 0.645404
14 95 0.643640
14 96 0.622108
14 97 0.632444
14 98 0.615986
14 99 0.612459
14 100 0.595381
15 15 1.000000
15 16 0.828368
15 17 0.663906
15 18 0.811723
15 19 0.800206
15 20 0.769269
15 21 0.732860
15 22 0.790273
15 23 0.822179
15 24 0.823386
15 25 0.815449
15 26 0.809096
15 27 0.811429
15 28 0.793400
15 29 0.797426
15 30 0.789574
15 31 0.706078
15 32 0.762864
15 33 0.804082
15 34 0.807447
15 35 0.809661
15 36 0.807533
15 37 0.802950
15 38 0.782125
15 39 0.780751
15 40 0.767403
15 41 0.663168
15 42 0.743235
15 43 0.783384
15 44 0.785889
15 45 0.796209
15 46 0.793311
15 47 0.780355
15 48 0.787509
15 49 0.768566
15 50 0.767634
15 51 0.589283
15 52 0.716197
15 53 0.751096
15 54 0.769852
15 55 0.773815
15 56 0.772438
15 57 0.759371
15 58 0.758702
15 59 0.743763
15 60 0.734348
15 61 0.570543
15 62 0.683230
15 63 0.709197
15 64 0.738238
15 65 0.735061
15 66 0.757181
15 67 0.731070
15 68 0.747396
15 69 0.735624
15 70 0.717965
15 71 0.566704
15 72 0.705369
15 73 0.708590
15 74 0.710926
15 75 0.723924
15 76 0.731318
15 77 0.732207
15 78 0.721004
15 79 0.694262
15 80 0.698137
15 81 0.535337
15 82 0.657373
15 83 0.693815
15 84 0.668151
15 85 0.701501
15 86 0.698230
15 87 0.696845
15 88 0.701766
15 89 0.707781
15 90 0.659256
15 91 0.492242
15 92 0.631053
15 93 0.618757
15 94 0.638750
15 95 0.635459
15 96 0.612060
15 97 0.622091
15 98 0.604740
15 99 0.603265
15 100 0.588075
16 16 1.000000
16 17 0.682296
16 18 0.807987
16 19 0.793759
16 20 0.769543
16 21 0.735668
16 22 0.786993
16 23 0.807497
16 24 0.817159
16 25 0.801343
16 26 0.794388
16 27 0.807818
16 28 0.785923
16 29 0.789777
16 30 0.778793
16 31 0.706584
16 32 0.760923
16 33 0.791352
16 34 0.793480
16 35 0.799444
16 36 0.805289
16 37 0.800072
16 38 0.778793
16 39 0.775470
16 40 0.765537
16 41 0.664855
16 42 0.744787
16 43 0.778134
16 44 0.772128
16 45 0.788057
16 46 0.787969
16 47 0.780497
16 48 0.784374
16 49 0.765159
16 50 0.762193
16 51 0.597745
16 52 0.717993
16 53 0.749259
16 54 0.763836
16 55 0.767759
16 56 0.760044
16 57 0.754762
16 58 0.753030
16 59 0.744761
16 60 0.734875
16 61 0.581250
16 62 0.680833
16 63 0.709772
16 64 0.732740
16 65 0.732193
16 66 0.746213
16 67 0.722668
16 68 0.740772
16 69 0.738941
16 70 0.716270
16 71 0.573166
16 72 0.702605
16 73 0.705594
16 74 0.702623
16 75 0.718115
16 76 0.725063
16 77 0.724361
16 78 0.717002
16 79 0.698832
16 80 0.695490
16 81 0.548255
16 82 0.658497
16 83 0.687312
16 84 0.664976
16 85 0.696194
16 86 0.694657
16 87 0.692350
16 88 0.697548
16 89 0.704184
16 90 0.658260
16 91 0.492719
16 92 0.622595
16 93 0.607149
16 94 0.634296
16 95 0.629226
16 96 0.605301
16 97 0.619978
16 98 0.607772
16 99 0.601453
16 100 0.585760
17 17 1.000000
17 18 0.643593
17 19 0.647326
17 20 0.632251
17 21 0.588542
17 22 0.626819
17 23 0.646826
17 24 0.659129
17 25 0.656537
17 26 0.633647
17 27 0.641248
17 28 0.636372
17 29 0.638056
17 30 0.633634
17 31 0.573729
17 32 0.610265
17 33 0.633077
17 34 0.629106
17 35 0.633153
17 36 0.669776
17 37 0.637988
17 38 0.627738
17 39 0.627753
17 40 0.621741
17 41 0.533641
17 42 0.590580
17 43 0.613982
17 44 0.621165
17 45 0.626705
17 46 0.628478
17 47 0.624913
17 48 0.635353
17 49 0.605538
17 50 0.615418
17 51 0.477115
17 52 0.577347
17 53 0.591155
17 54 0.610862
17 55 0.604840
17 56 0.608295
17 57 0.595657
17 58 0.602175
17 59 0.621076
17 60 0.591468
17 61 0.459697
17 62 0.539700
17 63 0.554890
17 64 0.584408
17 65 0.579507
17 66 0.599880
17 67 0.574423
17 68 0.587431
17 69 0.587929
17 70 0.567011
17 71 0.445683
17 72 0.560022
17 73 0.550492
17 74 0.563394
17 75 0.567758
17 76 0.570157
17 77 0.572902
17 78 0.571622
17 79 0.555006
17 80 0.550545
17 81 0.422958
17 82 0.515729
17 83 0.544010
17 84 0.520482
17 85 0.551971
17 86 0.552184
17 87 0.544690
17 88 0.555444
17 89 0.560041
17 90 0.525673
17 91 0.378455
17 92 0.492270
17 93 0.476062
17 94 0.500925
17 95 0.495577
17 96 0.478350
17 97 0.486279
17 98 0.476963
17 99 0.473459
17 100 0.466813
18 18 1.000000
18 19 0.796907
18 20 0.769285
18 21 0.729685
18 22 0.777124
18 23 0.798150
18 24 0.801120
18 25 0.782177
18 26 0.783757
18 27 0.800837
18 28 0.784659
18 29 0.787883
18 30 0.786354
18 31 0.704317
18 32 0.756689
18 33 0.785014
18 34 0.776356
18 35 0.785838
18 36 0.790088
18 37 0.792571
18 38 0.773812
18 39 0.779850
18 40 0.772020
18 41 0.661287
18 42 0.739540
18 43 0.764056
18 44 0.759818
18 45 0.769550
18 46 0.775317
18 47 0.776418
18 48 0.780755
18 49 0.763214
18 50 0.772986
18 51 0.597062
18 52 0.713217
18 53 0.739427
18 54 0.755567
18 55 0.762448
18 56 0.765221
18 57 0.752435
18 58 0.757995
18 59 0.744664
18 60 0.733110
18 61 0.577862
18 62 0.683430
18 63 0.698331
18 64 0.729751
18 65 0.731738
18 66 0.750478
18 67 0.732018
18 68 0.748313
18 69 0.741428
18 70 0.721375
18 71 0.578089
18 72 0.699156
18 73 0.696435
18 74 0.704693
18 75 0.718536
18 76 0.720902
18 77 0.734767
18 78 0.722669
18 79 0.693798
18 80 0.696924
18 81 0.544126
18 82 0.661859
18 83 0.691536
18 84 0.659470
18 85 0.689453
18 86 0.693874
18 87 0.692782
18 88 0.701597
18 89 0.706409
18 90 0.660041
18 91 0.491362
18 92 0.627649
18 93 0.613274
18 94 0.627645
18 95 0.624751
18 96 0.603117
18 97 0.620495
18 98 0.609019
18 99 0.602720
18 100 0.589972
19 19 1.000000
19 20 0.771922
19 21 0.730088
19 22 0.773309
19 23 0.785285
19 24 0.790037
19 25 0.786170
19 26 0.769084
19 27 0.794000
19 28 0.772700
19 29 0.785947
19 30 0.785375
19 31 0.704896
19 32 0.749297
19 33 0.777903
19 34 0.764766
19 35 0.773865
19 36 0.779185
19 37 0.788015
19 38 0.767600
19 39 0.783022
19 40 0.774881
19 41 0.669049
19 42 0.733606
19 43 0.758721
19 44 0.753551
19 45 0.768909
19 46 0.770558
19 47 0.767007
19 48 0.778209
19 49 0.763563
19 50 0.774083
19 51 0.604799
19 52 0.714723
19 53 0.733564
19 54 0.751627
19 55 0.756643
19 56 0.763878
19 57 0.748671
19 58 0.756163
19 59 0.744174
19 60 0.739437
19 61 0.575463
19 62 0.686279
19 63 0.693137
19 64 0.718848
19 65 0.730245
19 66 0.746098
19 67 0.733966
19 68 0.747744
19 69 0.741906
19 70 0.722814
19 71 0.577318
19 72 0.702197
19 73 0.697008
19 74 0.708983
19 75 0.716916
19 76 0.715621
19 77 0.732076
19 78 0.727422
19 79 0.698360
19 80 0.700955
19 81 0.544401
19 82 0.653349
19 83 0.689052
19 84 0.655807
19 85 0.683355
19 86 0.693239
19 87 0.689352
19 88 0.703640
19 89 0.713146
19 90 0.658277
19 91 0.493935
19 92 0.619571
19 93 0.613643
19 94 0.626771
19 95 0.624967
19 96 0.607063
19 97 0.618740
19 98 0.607938
19 99 0.607761
19 100 0.587096
20 20 1.000000
20 21 0.742710
20 22 0.767768
20 23 0.780784
20 24 0.777855
20 25 0.749329
20 26 0.750406
20 27 0.768894
20 28 0.754569
20 29 0.770413
20 30 0.781856
20 31 0.717966
20 32 0.750223
20 33 0.765153
20 34 0.757995
20 35 0.753073
20 36 0.767108
20 37 0.760079
20 38 0.751502
20 39 0.762172
20 40 0.762360
20 41 0.681361
20 42 0.740793
20 43 0.742958
20 44 0.740507
20 45 0.751457
20 46 0.753811
20 47 0.749085
20 48 0.758321
20 49 0.743155
20 50 0.766418
20 51 0.615933
20 52 0.713255
20 53 0.732784
20 54 0.739706
20 55 0.742207
20 56 0.747196
20 57 0.737701
20 58 0.743115
20 59 0.739499
20 60 0.747855
20 61 0.602458
20 62 0.689897
20 63 0.697700
20 64 0.719837
20 65 0.716290
20 66 0.736721
20 67 0.717105
20 68 0.731661
20 69 0.742053
20 70 0.723805
20 71 0.587288
20 72 0.697613
20 73 0.694371
20 74 0.698664
20 75 0.704373
20 76 0.708509
20 77 0.713543
20 78 0.717702
20 79 0.699410
20 80 0.704560
20 81 0.560162
20 82 0.656672
20 83 0.677157
20 84 0.652517
20 85 0.678905
20 86 0.681690
20 87 0.681544
20 88 0.692675
20 89 0.692531
20 90 0.661755
20 91 0.500408
20 92 0.616219
20 93 0.601144
20 94 0.616581
20 95 0.612118
20 96 0.598266
20 97 0.618735
20 98 0.607185
20 99 0.610970
20 100 0.589514
21 21 1.000000
21 22 0.813506
21 23 0.774955
21 24 0.757460
21 25 0.726078
21 26 0.722940
21 27 0.742757
21 28 0.727412
21 29 0.744220
21 30 0.741325
21 31 0.849365
21 32 0.794201
21 33 0.775262
21 34 0.752931
21 35 0.754718
21 36 0.755945
21 37 0.751506
21 38 0.729199
21 39 0.744653
21 40 0.748858
21 41 0.815542
21 42 0.793352
21 43 0.755528
21 44 0.739948
21 45 0.757130
21 46 0.746607
21 47 0.749049
21 48 0.743491
21 49 0.734830
21 50 0.746039
21 51 0.758645
21 52 0.765373
21 53 0.752683
21 54 0.744675
21 55 0.735585
21 56 0.733563
21 57 0.733788
21 58 0.739105
21 59 0.745885
21 60 0.735104
21 61 0.726968
21 62 0.736048
21 63 0.737034
21 64 0.740269
21 65 0.721926
21 66 0.728006
21 67 0.721920
21 68 0.730224
21 69 0.734986
21 70 0.722521
21 71 0.729775
21 72 0.733928
21 73 0.735406
21 74 0.723782
21 75 0.727377
21 76 0.719389
21 77 0.722537
21 78 0.718528
21 79 0.720798
21 80 0.712936
21 81 0.662002
21 82 0.715666
21 83 0.705133
21 84 0.698303
21 85 0.703241
21 86 0.693035
21 87 0.709078
21 88 0.707654
21 89 0.694986
21 90 0.671327
21 91 0.576300
21 92 0.665590
21 93 0.633608
21 94 0.653408
21 95 0.654150
21 96 0.625332
21 97 0.658876
21 98 0.649344
21 99 0.655580
21 100 0.621793
22 22 1.000000
22 23 0.816772
22 24 0.807598
22 25 0.785066
22 26 0.780296
22 27 0.793476
22 28 0.772829
22 29 0.789980
22 30 0.782615
22 31 0.792416
22 32 0.811765
22 33 0.812894
22 34 0.801030
22 35 0.800696
22 36 0.803690
22 37 0.796911
22 38 0.772651
22 39 0.781948
22 40 0.780370
22 41 0.761652
22 42 0.803310
22 43 0.800175
22 44 0.788751
22 45 0.803406
22 46 0.790435
22 47 0.793054
22 48 0.785322
22 49 0.772129
22 50 0.780961
22 51 0.695653
22 52 0.773916
22 53 0.781225
22 54 0.785852
22 55 0.776095
22 56 0.776959
22 57 0.774671
22 58 0.770590
22 59 0.774169
22 60 0.763003
22 61 0.673674
22 62 0.743737
22 63 0.760414
22 64 0.768989
22 65 0.753533
22 66 0.764956
22 67 0.753249
22 68 0.766142
22 69 0.768709
22 70 0.747167
22 71 0.673697
22 72 0.756718
22 73 0.757604
22 74 0.747488
22 75 0.756012
22 76 0.752588
22 77 0.754340
22 78 0.750397
22 79 0.746714
22 80 0.731351
22 81 0.625890
22 82 0.722655
22 83 0.735158
22 84 0.718573
22 85 0.734964
22 86 0.728893
22 87 0.733630
22 88 0.739048
22 89 0.734235
22 90 0.691914
22 91 0.557506
22 92 0.676678
22 93 0.652839
22 94 0.672978
22 95 0.669386
22 96 0.649530
22 97 0.670267
22 98 0.662692
22 99 0.664224
22 100 0.632644
23 23 1.000000
23 24 0.829809
23 25 0.813574
23 26 0.802189
23 27 0.810637
23 28 0.789648
23 29 0.804744
23 30 0.794976
23 31 0.757117
23 32 0.798551
23 33 0.821780
23 34 0.815362
23 35 0.814842
23 36 0.816244
23 37 0.811694
23 38 0.792590
23 39 0.797075
23 40 0.794607
23 41 0.719516
23 42 0.784933
23 43 0.801501
23 44 0.807301
23 45 0.811843
23 46 0.803243
23 47 0.799425
23 48 0.798944
23 49 0.782263
23 50 0.789092
23 51 0.647777
23 52 0.758664
23 53 0.787775
23 54 0.791906
23 55 0.795040
23 56 0.794612
23 57 0.780777
23 58 0.784111
23 59 0.773492
23 60 0.769894
23 61 0.621431
23 62 0.727772
23 63 0.745323
23 64 0.769500
23 65 0.766898
23 66 0.773451
23 67 0.756007
23 68 0.770335
23 69 0.776039
23 70 0.756166
23 71 0.631823
23 72 0.735523
23 73 0.745709
23 74 0.740925
23 75 0.754038
23 76 0.755381
23 77 0.757445
23 78 0.756137
23 79 0.737891
23 80 0.732500
23 81 0.590566
23 82 0.697535
23 83 0.729525
23 84 0.707067
23 85 0.728243
23 86 0.723299
23 87 0.729944
23 88 0.737948
23 89 0.734866
23 90 0.695716
23 91 0.526373
23 92 0.661136
23 93 0.656103
23 94 0.663888
23 95 0.654143
23 96 0.652286
23 97 0.665694
23 98 0.655690
23 99 0.649880
23 100 0.627228
24 24 1.000000
24 25 0.815300
24 26 0.813680
24 27 0.819354
24 28 0.795307
24 29 0.806279
24 30 0.795702
24 31 0.734609
24 32 0.786746
24 33 0.816662
24 34 0.827114
24 35 0.822525
24 36 0.823864
24 37 0.821368
24 38 0.797873
24 39 0.795768
24 40 0.791471
24 41 0.697727
24 42 0.776423
24 43 0.802657
24 44 0.805609
24 45 0.814505
24 46 0.812352
24 47 0.802457
24 48 0.802965
24 49 0.784933
24 50 0.790915
24 51 0.632701
24 52 0.747119
24 53 0.778484
24 54 0.795378
24 55 0.798520
24 56 0.799956
24 57 0.789376
24 58 0.777487
24 59 0.773493
24 60 0.760414
24 61 0.609425
24 62 0.715921
24 63 0.749470
24 64 0.772048
24 65 0.762836
24 66 0.778913
24 67 0.752530
24 68 0.771805
24 69 0.765621
24 70 0.748007
24 71 0.607357
24 72 0.736002
24 73 0.742372
24 74 0.740931
24 75 0.747690
24 76 0.760392
24 77 0.754705
24 78 0.749828
24 79 0.742609
24 80 0.722301
24 81 0.568641
24 82 0.692261
24 83 0.727067
24 84 0.702639
24 85 0.729456
24 86 0.730654
24 87 0.726815
24 88 0.730942
24 89 0.728094
24 90 0.683055
24 91 0.517213
24 92 0.655166
24 93 0.647455
24 94 0.664733
24 95 0.660985
24 96 0.650084
24 97 0.662502
24 98 0.644047
24 99 0.637837
24 100 0.617179
25 25 1.000000
25 26 0.797471
25 27 0.805896
25 28 0.779430
25 29 0.789624
25 30 0.772227
25 31 0.710703
25 32 0.762880
25 33 0.798724
25 34 0.802994
25 35 0.805078
25 36 0.805506
25 37 0.805168
25 38 0.781070
25 39 0.781689
25 40 0.778429
25 41 0.692052
25 42 0.752962
25 43 0.786117
25 44 0.792606
25 45 0.803380
25 46 0.796881
25 47 0.786561
25 48 0.783355
25 49 0.767539
25 50 0.770804
25 51 0.623401
25 52 0.726742
25 53 0.760535
25 54 0.777184
25 55 0.783473
25 56 0.780621
25 57 0.772274
25 58 0.767153
25 59 0.752821
25 60 0.741042
25 61 0.589477
25 62 0.692517
25 63 0.718939
25 64 0.746790
25 65 0.752529
25 66 0.760195
25 67 0.744717
25 68 0.753591
25 69 0.746594
25 70 0.721714
25 71 0.587986
25 72 0.714932
25 73 0.721936
25 74 0.726848
25 75 0.737187
25 76 0.738899
25 77 0.748432
25 78 0.732008
25 79 0.709648
25 80 0.707690
25 81 0.559561
25 82 0.671880
25 83 0.703318
25 84 0.689225
25 85 0.712454
25 86 0.711906
25 87 0.712694
25 88 0.724107
25 89 0.726446
25 90 0.670553
25 91 0.506288
25 92 0.633200
25 93 0.634986
25 94 0.657729
25 95 0.651422
25 96 0.639424
25 97 0.642100
25 98 0.633199
25 99 0.626226
25 100 0.606407
26 26 1.000000
26 27 0.801390
26 28 0.772055
26 29 0.787235
26 30 0.773278
26 31 0.701034
26 32 0.754550
26 33 0.794396
26 34 0.800108
26 35 0.801601
26 36 0.799110
26 37 0.799800
26 38 0.781484
26 39 0.771336
26 40 0.768510
26 41 0.665107
26 42 0.742013
26 43 0.779511
26 44 0.784483
26 45 0.793178
26 46 0.791031
26 47 0.787163
26 48 0.782118
26 49 0.764788
26 50 0.767862
26 51 0.601069
26 52 0.715501
26 53 0.754242
26 54 0.767873
26 55 0.775785
26 56 0.776105
26 57 0.768392
26 58 0.760784
26 59 0.756601
26 60 0.737011
26 61 0.581814
26 62 0.689834
26 63 0.717434
26 64 0.739531
26 65 0.738177
26 66 0.757882
26 67 0.736415
26 68 0.747347
26 69 0.745034
26 70 0.726469
26 71 0.575566
26 72 0.703975
26 73 0.715869
26 74 0.714126
26 75 0.726562
26 76 0.728006
26 77 0.733675
26 78 0.726846
26 79 0.708658
26 80 0.693307
26 81 0.550515
26 82 0.663581
26 83 0.703535
26 84 0.680378
26 85 0.702287
26 86 0.701647
26 87 0.700448
26 88 0.708372
26 89 0.707883
26 90 0.654580
26 91 0.491138
26 92 0.626678
26 93 0.619964
26 94 0.639899
26 95 0.629103
26 96 0.618742
26 97 0.623927
26 98 0.610440
26 99 0.605509
26 100 0.586279
27 27 1.000000
27 28 0.793140
27 29 0.807970
27 30 0.792051
27 31 0.717842
27 32 0.776413
27 33 0.801304
27 34 0.805716
27 35 0.806524
27 36 0.813473
27 37 0.818437
27 38 0.795837
27 39 0.801629
27 40 0.786492
27 41 0.680829
27 42 0.765657
27 43 0.789772
27 44 0.783190
27 45 0.806511
27 46 0.804185
27 47 0.805391
27 48 0.806839
27 49 0.789699
27 50 0.786597
27 51 0.627032
27 52 0.732997
27 53 0.765952
27 54 0.787102
27 55 0.790920
27 56 0.784219
27 57 0.780537
27 58 0.783487
27 59 0.773799
27 60 0.757311
27 61 0.595935
27 62 0.706680
27 63 0.730257
27 64 0.751736
27 65 0.757263
27 66 0.774500
27 67 0.762801
27 68 0.774553
27 69 0.766195
27 70 0.744897
27 71 0.595995
27 72 0.727451
27 73 0.732607
27 74 0.734918
27 75 0.748552
27 76 0.756318
27 77 0.760586
27 78 0.753639
27 79 0.727915
27 80 0.722304
27 81 0.560055
27 82 0.688808
27 83 0.716869
27 84 0.696514
27 85 0.721730
27 86 0.722926
27 87 0.727689
27 88 0.730871
27 89 0.731033
27 90 0.685302
27 91 0.515390
27 92 0.645793
27 93 0.639260
27 94 0.654280
27 95 0.655390
27 96 0.633169
27 97 0.649615
27 98 0.629760
27 99 0.627430
27 100 0.607622
28 28 1.000000
28 29 0.781662
28 30 0.767177
28 31 0.706325
28 32 0.759108
28 33 0.783535
28 34 0.780558
28 35 0.787548
28 36 0.786051
28 37 0.795835
28 38 0.780842
28 39 0.780930
28 40 0.771410
28 41 0.670836
28 42 0.743011
28 43 0.767454
28 44 0.768096
28 45 0.782733
28 46 0.784419
28 47 0.782512
28 48 0.788386
28 49 0.764850
28 50 0.771689
28 51 0.608585
28 52 0.726235
28 53 0.741255
28 54 0.768843
28 55 0.764159
28 56 0.766782
28 57 0.758481
28 58 0.768810
28 59 0.755833
28 60 0.744891
28 61 0.585231
28 62 0.694784
28 63 0.711149
28 64 0.732902
28 65 0.742140
28 66 0.753409
28 67 0.741356
28 68 0.760642
28 69 0.752309
28 70 0.733108
28 71 0.582807
28 72 0.705000
28 73 0.704229
28 74 0.716069
28 75 0.727021
28 76 0.734744
28 77 0.739271
28 78 0.733471
28 79 0.709075
28 80 0.713596
28 81 0.558271
28 82 0.665772
28 83 0.697059
28 84 0.677059
28 85 0.704652
28 86 0.696036
28 87 0.713327
28 88 0.710690
28 89 0.725663
28 90 0.669453
28 91 0.500517
28 92 0.631371
28 93 0.622289
28 94 0.642042
28 95 0.637606
28 96 0.613798
28 97 0.632486
28 98 0.614880
28 99 0.620725
28 100 0.602759
29 29 1.000000
29 30 0.788526
29 31 0.725747
29 32 0.772471
29 33 0.795484
29 34 0.793774
29 35 0.793532
29 36 0.800914
29 37 0.800030
29 38 0.795812
29 39 0.796233
29 40 0.786228
29 41 0.691711
29 42 0.761725
29 43 0.781654
29 44 0.781173
29 45 0.792934
29 46 0.793091
29 47 0.792756
29 48 0.795765
29 49 0.783305
29 50 0.796718
29 51 0.634036
29 52 0.726703
29 53 0.751304
29 54 0.772897
29 55 0.781806
29 56 0.780559
29 57 0.771159
29 58 0.779394
29 59 0.771339
29 60 0.762979
29 61 0.604426
29 62 0.705222
29 63 0.725141
29 64 0.745171
29 65 0.748263
29 66 0.764017
29 67 0.749115
29 68 0.765327
29 69 0.768489
29 70 0.748569
29 71 0.603656
29 72 0.723559
29 73 0.724081
29 74 0.731239
29 75 0.739465
29 76 0.742218
29 77 0.749165
29 78 0.743266
29 79 0.724761
29 80 0.725553
29 81 0.568847
29 82 0.676633
29 83 0.706535
29 84 0.687066
29 85 0.715906
29 86 0.711499
29 87 0.714331
29 88 0.725938
29 89 0.724346
29 90 0.686289
29 91 0.516326
29 92 0.642900
29 93 0.635561
29 94 0.641480
29 95 0.643745
29 96 0.627054
29 97 0.647620
29 98 0.632165
29 99 0.622863
29 100 0.608876
30 30 1.000000
30 31 0.724535
30 32 0.765501
30 33 0.789716
30 34 0.781463
30 35 0.783299
30 36 0.783657
30 37 0.788524
30 38 0.779266
30 39 0.789984
30 40 0.785934
30 41 0.685399
30 42 0.755981
30 43 0.773824
30 44 0.766802
30 45 0.780971
30 46 0.781309
30 47 0.774259
30 48 0.788062
30 49 0.773729
30 50 0.801128
30 51 0.621774
30 52 0.727745
30 53 0.758307
30 54 0.760648
30 55 0.772707
30 56 0.784951
30 57 0.764458
30 58 0.778799
30 59 0.764595
30 60 0.768294
30 61 0.604376
30 62 0.704254
30 63 0.721984
30 64 0.746536
30 65 0.741470
30 66 0.767808
30 67 0.748761
30 68 0.759970
30 69 0.766320
30 70 0.753099
30 71 0.596628
30 72 0.725893
30 73 0.715927
30 74 0.725793
30 75 0.731145
30 76 0.733099
30 77 0.746973
30 78 0.744961
30 79 0.723339
30 80 0.729027
30 81 0.566888
30 82 0.673089
30 83 0.701771
30 84 0.671278
30 85 0.704604
30 86 0.709745
30 87 0.708585
30 88 0.724120
30 89 0.730872
30 90 0.688463
30 91 0.515185
30 92 0.639911
30 93 0.627655
30 94 0.642044
30 95 0.635179
30 96 0.620159
30 97 0.641026
30 98 0.636249
30 99 0.630633
30 100 0.617446
31 31 1.000000
31 32 0.776800
31 33 0.756520
31 34 0.737327
31 35 0.735575
31 36 0.735244
31 37 0.733952
31 38 0.717784
31 39 0.725757
31 40 0.733880
31 41 0.814488
31 42 0.783927
31 43 0.743842
31 44 0.728925
31 45 0.743532
31 46 0.732384
31 47 0.734472
31 48 0.728432
31 49 0.715277
31 50 0.726176
31 51 0.760382
31 52 0.757431
31 53 0.743712
31 54 0.732192
31 55 0.721248
31 56 0.718969
31 57 0.723093
31 58 0.727158
31 59 0.733427
31 60 0.727408
31 61 0.726552
31 62 0.732937
31 63 0.727932
31 64 0.729100
31 65 0.714873
31 66 0.717664
31 67 0.712239
31 68 0.722835
31 69 0.730905
31 70 0.709246
31 71 0.732381
31 72 0.733409
31 73 0.728303
31 74 0.713796
31 75 0.717961
31 76 0.712835
31 77 0.708833
31 78 0.712134
31 79 0.714591
31 80 0.712208
31 81 0.670184
31 82 0.712736
31 83 0.701521
31 84 0.700558
31 85 0.689326
31 86 0.686933
31 87 0.701601
31 88 0.704309
31 89 0.693649
31 90 0.668151
31 91 0.583916
31 92 0.664960
31 93 0.630967
31 94 0.649334
31 95 0.655259
31 96 0.623753
31 97 0.656084
31 98 0.653437
31 99 0.654567
31 100 0.617935
32 32 1.000000
32 33 0.801509
32 34 0.780416
32 35 0.784361
32 36 0.785574
32 37 0.780994
32 38 0.767051
32 39 0.770862
32 40 0.769993
32 41 0.751328
32 42 0.799852
32 43 0.787935
32 44 0.774230
32 45 0.789991
32 46 0.780683
32 47 0.781668
32 48 0.775400
32 49 0.763286
32 50 0.771605
32 51 0.696043
32 52 0.775127
32 53 0.777111
32 54 0.778057
32 55 0.774133
32 56 0.771999
32 57 0.766177
32 58 0.766682
32 59 0.763468
32 60 0.761001
32 61 0.672182
32 62 0.745637
32 63 0.749063
32 64 0.756901
32 65 0.756775
32 66 0.761244
32 67 0.748779
32 68 0.765122
32 69 0.765256
32 70 0.752911
32 71 0.680227
32 72 0.756577
32 73 0.747752
32 74 0.747844
32 75 0.752220
32 76 0.751364
32 77 0.751996
32 78 0.753658
32 79 0.738583
32 80 0.736514
32 81 0.633679
32 82 0.727824
32 83 0.733036
32 84 0.718005
32 85 0.733383
32 86 0.724444
32 87 0.733993
32 88 0.742587
32 89 0.735258
32 90 0.701253
32 91 0.569491
32 92 0.677815
32 93 0.662117
32 94 0.676547
32 95 0.673161
32 96 0.653745
32 97 0.685356
32 98 0.673852
32 99 0.670798
32 100 0.646878
33 33 1.000000
33 34 0.812480
33 35 0.811505
33 36 0.810075
33 37 0.813590
33 38 0.790833
33 39 0.796797
33 40 0.792187
33 41 0.726421
33 42 0.794145
33 43 0.807987
33 44 0.802718
33 45 0.814897
33 46 0.806680
33 47 0.803722
33 48 0.800498
33 49 0.786412
33 50 0.795109
33 51 0.667608
33 52 0.766918
33 53 0.789909
33 54 0.799206
33 55 0.803378
33 56 0.798903
33 57 0.787498
33 58 0.790059
33 59 0.784999
33 60 0.775197
33 61 0.639006
33 62 0.744334
33 63 0.757958
33 64 0.774502
33 65 0.777382
33 66 0.783741
33 67 0.774130
33 68 0.786339
33 69 0.778623
33 70 0.766744
33 71 0.652237
33 72 0.756432
33 73 0.762426
33 74 0.762635
33 75 0.775442
33 76 0.766279
33 77 0.774806
33 78 0.767934
33 79 0.743477
33 80 0.748870
33 81 0.604598
33 82 0.718657
33 83 0.741671
33 84 0.724345
33 85 0.746987
33 86 0.743614
33 87 0.744693
33 88 0.753508
33 89 0.753237
33 90 0.709284
33 91 0.548024
33 92 0.686926
33 93 0.672116
33 94 0.683345
33 95 0.684748
33 96 0.670444
33 97 0.682372
33 98 0.673685
33 99 0.668324
33 100 0.650567
34 34 1.000000
34 35 0.817564
34 36 0.808344
34 37 0.813987
34 38 0.789936
34 39 0.788180
34 40 0.782602
34 41 0.708900
34 42 0.782274
34 43 0.807329
34 44 0.807260
34 45 0.820706
34 46 0.811857
34 47 0.806665
34 48 0.796455
34 49 0.779847
34 50 0.785776
34 51 0.648671
34 52 0.749271
34 53 0.786317
34 54 0.800843
34 55 0.800622
34 56 0.796240
34 57 0.787210
34 58 0.781299
34 59 0.780304
34 60 0.761989
34 61 0.625920
34 62 0.725987
34 63 0.768825
34 64 0.782553
34 65 0.774163
34 66 0.783063
34 67 0.765561
34 68 0.781132
34 69 0.775486
34 70 0.748577
34 71 0.629441
34 72 0.749386
34 73 0.763078
34 74 0.757209
34 75 0.767604
34 76 0.769334
34 77 0.769084
34 78 0.759363
34 79 0.755515
34 80 0.735368
34 81 0.588130
34 82 0.711787
34 83 0.739350
34 84 0.732046
34 85 0.747407
34 86 0.745277
34 87 0.745777
34 88 0.746816
34 89 0.736765
34 90 0.695300
34 91 0.537369
34 92 0.676348
34 93 0.661073
34 94 0.678551
34 95 0.680270
34 96 0.667071
34 97 0.676012
34 98 0.656709
34 99 0.656723
34 100 0.629577
35 35 1.000000
35 36 0.815913
35 37 0.814964
35 38 0.798014
35 39 0.792649
35 40 0.783962
35 41 0.701599
35 42 0.777757
35 43 0.809246
35 44 0.808820
35 45 0.822616
35 46 0.811468
35 47 0.807558
35 48 0.803094
35 49 0.784712
35 50 0.784159
35 51 0.637022
35 52 0.749096
35 53 0.784716
35 54 0.800102
35 55 0.807091
35 56 0.804371
35 57 0.793420
35 58 0.788360
35 59 0.779918
35 60 0.763238
35 61 0.617642
35 62 0.723470
35 63 0.752131
35 64 0.773972
35 65 0.774035
35 66 0.784274
35 67 0.765795
35 68 0.778930
35 69 0.774174
35 70 0.754421
35 71 0.616272
35 72 0.736715
35 73 0.754510
35 74 0.752734
35 75 0.761047
35 76 0.770353
35 77 0.768572
35 78 0.759004
35 79 0.744539
35 80 0.736285
35 81 0.585355
35 82 0.702114
35 83 0.733174
35 84 0.721425
35 85 0.746583
35 86 0.739706
35 87 0.741235
35 88 0.745173
35 89 0.746273
35 90 0.697527
35 91 0.534559
35 92 0.669744
35 93 0.654650
35 94 0.677942
35 95 0.679988
35 96 0.661206
35 97 0.675184
35 98 0.661713
35 99 0.658273
35 100 0.629785
36 36 1.000000
36 37 0.823304
36 38 0.795157
36 39 0.796822
36 40 0.791357
36 41 0.702753
36 42 0.779425
36 43 0.802520
36 44 0.801115
36 45 0.821732
36 46 0.814795
36 47 0.810875
36 48 0.811948
36 49 0.792621
36 50 0.793282
36 51 0.640273
36 52 0.745137
36 53 0.779885
36 54 0.802760
36 55 0.800908
36 56 0.800796
36 57 0.796784
36 58 0.791902
36 59 0.791575
36 60 0.765015
36 61 0.613876
36 62 0.719930
36 63 0.756308
36 64 0.775390
36 65 0.769885
36 66 0.785793
36 67 0.771075
36 68 0.784889
36 69 0.774786
36 70 0.756139
36 71 0.617271
36 72 0.738459
36 73 0.751861
36 74 0.748023
36 75 0.758880
36 76 0.772970
36 77 0.768965
36 78 0.768954
36 79 0.753892
36 80 0.731651
36 81 0.585127
36 82 0.702700
36 83 0.732100
36 84 0.715715
36 85 0.743376
36 86 0.744919
36 87 0.741414
36 88 0.751006
36 89 0.743410
36 90 0.701967
36 91 0.529894
36 92 0.666465
36 93 0.655078
36 94 0.674176
36 95 0.675501
36 96 0.656021
36 97 0.675766
36 98 0.662493
36 99 0.656321
36 100 0.634684
37 37 1.000000
37 38 0.802280
37 39 0.804254
37 40 0.805345
37 41 0.699345
37 42 0.780317
37 43 0.803634
37 44 0.799909
37 45 0.822789
37 46 0.817882
37 47 0.818165
37 48 0.815707
37 49 0.796309
37 50 0.802549
37 51 0.640949
37 52 0.744270
37 53 0.781506
37 54 0.800932
37 55 0.807577
37 56 0.808677
37 57 0.800402
37 58 0.801012
37 59 0.789103
37 60 0.772454
37 61 0.610257
37 62 0.724059
37 63 0.750226
37 64 0.768507
37 65 0.776045
37 66 0.793279
37 67 0.777319
37 68 0.787841
37 69 0.779586
37 70 0.758719
37 71 0.615581
37 72 0.739186
37 73 0.743326
37 74 0.749809
37 75 0.766972
37 76 0.767227
37 77 0.775893
37 78 0.766351
37 79 0.746078
37 80 0.741480
37 81 0.575600
37 82 0.697656
37 83 0.734273
37 84 0.716185
37 85 0.737673
37 86 0.741071
37 87 0.745680
37 88 0.748167
37 89 0.745081
37 90 0.702730
37 91 0.525521
37 92 0.655257
37 93 0.656724
37 94 0.665177
37 95 0.667133
37 96 0.652738
37 97 0.668310
37 98 0.656511
37 99 0.649304
37 100 0.631590
38 38 1.000000
38 39 0.789950
38 40 0.789606
38 41 0.685592
38 42 0.764014
38 43 0.784486
38 44 0.779991
38 45 0.795161
38 46 0.802911
38 47 0.797309
38 48 0.801695
38 49 0.783254
38 50 0.792639
38 51 0.626655
38 52 0.733169
38 53 0.756438
38 54 0.777794
38 55 0.783955
38 56 0.780542
38 57 0.774385
38 58 0.784237
38 59 0.775736
38 60 0.766824
38 61 0.599099
38 62 0.710424
38 63 0.724481
38 64 0.746301
38 65 0.757933
38 66 0.768688
38 67 0.762538
38 68 0.774490
38 69 0.773188
38 70 0.756674
38 71 0.603300
38 72 0.725694
38 73 0.726820
38 74 0.728899
38 75 0.748504
38 76 0.753888
38 77 0.755516
38 78 0.751848
38 79 0.736719
38 80 0.733073
38 81 0.578660
38 82 0.684257
38 83 0.713403
38 84 0.694255
38 85 0.719766
38 86 0.720221
38 87 0.725351
38 88 0.734537
38 89 0.743290
38 90 0.697688
38 91 0.515519
38 92 0.644550
38 93 0.638985
38 94 0.653880
38 95 0.656326
38 96 0.640171
38 97 0.655972
38 98 0.642747
38 99 0.638390
38 100 0.627172
39 39 1.000000
39 40 0.800375
39 41 0.696242
39 42 0.765808
39 43 0.785715
39 44 0.777588
39 45 0.789717
39 46 0.792084
39 47 0.791947
39 48 0.804333
39 49 0.790761
39 50 0.803737
39 51 0.640474
39 52 0.742819
39 53 0.763145
39 54 0.777970
39 55 0.784988
39 56 0.785098
39 57 0.783064
39 58 0.795121
39 59 0.788278
39 60 0.778818
39 61 0.615107
39 62 0.722559
39 63 0.730573
39 64 0.759514
39 65 0.765854
39 66 0.775741
39 67 0.768348
39 68 0.785675
39 69 0.782661
39 70 0.767074
39 71 0.621074
39 72 0.736672
39 73 0.733074
39 74 0.746165
39 75 0.758335
39 76 0.752876
39 77 0.770915
39 78 0.762900
39 79 0.748262
39 80 0.747717
39 81 0.582974
39 82 0.691359
39 83 0.722380
39 84 0.698240
39 85 0.727255
39 86 0.728035
39 87 0.737256
39 88 0.746852
39 89 0.747571
39 90 0.707673
39 91 0.533227
39 92 0.655826
39 93 0.654032
39 94 0.656731
39 95 0.658755
39 96 0.652763
39 97 0.663049
39 98 0.663523
39 99 0.656645
39 100 0.636014
40 40 1.000000
40 41 0.699428
40 42 0.771424
40 43 0.780930
40 44 0.780262
40 45 0.793542
40 46 0.793955
40 47 0.794856
40 48 0.800946
40 49 0.788446
40 50 0.809851
40 51 0.650312
40 52 0.738499
40 53 0.774698
40 54 0.777939
40 55 0.785658
40 56 0.794055
40 57 0.786934
40 58 0.799991
40 59 0.791134
40 60 0.787880
40 61 0.626365
40 62 0.727726
40 63 0.739757
40 64 0.761263
40 65 0.767625
40 66 0.779670
40 67 0.774222
40 68 0.784342
40 69 0.785606
40 70 0.778820
40 71 0.628465
40 72 0.729608
40 73 0.730635
40 74 0.747418
40 75 0.760132
40 76 0.756182
40 77 0.770104
40 78 0.772407
40 79 0.746341
40 80 0.759739
40 81 0.589996
40 82 0.689913
40 83 0.730053
40 84 0.709111
40 85 0.729864
40 86 0.729669
40 87 0.734851
40 88 0.750955
40 89 0.753793
40 90 0.716533
40 91 0.528110
40 92 0.650820
40 93 0.658764
40 94 0.658843
40 95 0.658617
40 96 0.648412
40 97 0.664526
40 98 0.665575
40 99 0.661900
40 100 0.647462
41 41 1.000000
41 42 0.761116
41 43 0.723101
41 44 0.697833
41 45 0.719164
41 46 0.709974
41 47 0.707043
41 48 0.698973
41 49 0.688775
41 50 0.702229
41 51 0.771647
41 52 0.749264
41 53 0.722675
41 54 0.712529
41 55 0.696188
41 56 0.690484
41 57 0.705704
41 58 0.707228
41 59 0.709115
41 60 0.698884
41 61 0.730479
41 62 0.726742
41 63 0.717795
41 64 0.716794
41 65 0.691219
41 66 0.689296
41 67 0.693252
41 68 0.705578
41 69 0.704365
41 70 0.687366
41 71 0.753246
41 72 0.729120
41 73 0.717978
41 74 0.705155
41 75 0.703922
41 76 0.700043
41 77 0.695365
41 78 0.693626
41 79 0.703122
41 80 0.688637
41 81 0.691424
41 82 0.718469
41 83 0.690965
41 84 0.694045
41 85 0.679330
41 86 0.673071
41 87 0.694873
41 88 0.688976
41 89 0.682234
41 90 0.644070
41 91 0.598347
41 92 0.665318
41 93 0.626417
41 94 0.649043
41 95 0.655746
41 96 0.628239
41 97 0.652138
41 98 0.646061
41 99 0.659577
41 100 0.608379
42 42 1.000000
42 43 0.789701
42 44 0.772560
42 45 0.790618
42 46 0.784860
42 47 0.778858
42 48 0.775139
42 49 0.767347
42 50 0.772299
42 51 0.708436
42 52 0.777925
42 53 0.782253
42 54 0.788498
42 55 0.780477
42 56 0.772936
42 57 0.777025
42 58 0.776521
42 59 0.781691
42 60 0.758359
42 61 0.688179
42 62 0.761745
42 63 0.779441
42 64 0.782218
42 65 0.764561
42 66 0.773513
42 67 0.763355
42 68 0.778104
42 69 0.773669
42 70 0.755205
42 71 0.693987
42 72 0.774752
42 73 0.778424
42 74 0.762010
42 75 0.773893
42 76 0.771331
42 77 0.766423
42 78 0.762137
42 79 0.762602
42 80 0.750679
42 81 0.654645
42 82 0.748576
42 83 0.750581
42 84 0.741448
42 85 0.760061
42 86 0.749807
42 87 0.753206
42 88 0.755060
42 89 0.749218
42 90 0.705888
42 91 0.582866
42 92 0.702830
42 93 0.674344
42 94 0.689245
42 95 0.694871
42 96 0.668305
42 97 0.694663
42 98 0.683403
42 99 0.686408
42 100 0.655077
43 43 1.000000
43 44 0.798793
43 45 0.815637
43 46 0.806093
43 47 0.802157
43 48 0.796122
43 49 0.785973
43 50 0.788767
43 51 0.663448
43 52 0.766548
43 53 0.799013
43 54 0.808308
43 55 0.806479
43 56 0.802147
43 57 0.794668
43 58 0.793633
43 59 0.787927
43 60 0.773089
43 61 0.641689
43 62 0.747126
43 63 0.771677
43 64 0.784176
43 65 0.782878
43 66 0.796469
43 67 0.774280
43 68 0.793001
43 69 0.787565
43 70 0.764328
43 71 0.646164
43 72 0.768982
43 73 0.777716
43 74 0.771649
43 75 0.786478
43 76 0.782207
43 77 0.787232
43 78 0.771900
43 79 0.759459
43 80 0.751387
43 81 0.619490
43 82 0.732918
43 83 0.757508
43 84 0.743612
43 85 0.761477
43 86 0.759480
43 87 0.754741
43 88 0.768624
43 89 0.768107
43 90 0.717983
43 91 0.568780
43 92 0.691656
43 93 0.683865
43 94 0.700151
43 95 0.703636
43 96 0.680043
43 97 0.696140
43 98 0.683402
43 99 0.687737
43 100 0.655679
44 44 1.000000
44 45 0.809796
44 46 0.800724
44 47 0.804541
44 48 0.788540
44 49 0.777207
44 50 0.780534
44 51 0.647270
44 52 0.750627
44 53 0.791258
44 54 0.798726
44 55 0.802762
44 56 0.800092
44 57 0.780303
44 58 0.785341
44 59 0.779578
44 60 0.761638
44 61 0.622845
44 62 0.733383
44 63 0.755342
44 64 0.770608
44 65 0.776352
44 66 0.779587
44 67 0.770335
44 68 0.781870
44 69 0.776360
44 70 0.762377
44 71 0.630522
44 72 0.737590
44 73 0.752523
44 74 0.757457
44 75 0.765390
44 76 0.770348
44 77 0.771668
44 78 0.766934
44 79 0.745759
44 80 0.746219
44 81 0.585436
44 82 0.706363
44 83 0.742630
44 84 0.732429
44 85 0.750446
44 86 0.746783
44 87 0.748764
44 88 0.755265
44 89 0.746826
44 90 0.714116
44 91 0.534876
44 92 0.669240
44 93 0.673567
44 94 0.676542
44 95 0.682038
44 96 0.673555
44 97 0.682864
44 98 0.672781
44 99 0.661649
44 100 0.648489
45 45 1.000000
45 46 0.817969
45 47 0.815273
45 48 0.807521
45 49 0.796845
45 50 0.796723
45 51 0.661278
45 52 0.759421
45 53 0.803536
45 54 0.812548
45 55 0.816347
45 56 0.812702
45 57 0.804267
45 58 0.803039
45 59 0.797822
45 60 0.777847
45 61 0.635622
45 62 0.737355
45 63 0.773902
45 64 0.788438
45 65 0.795099
45 66 0.799529
45 67 0.788169
45 68 0.798259
45 69 0.791182
45 70 0.771166
45 71 0.640289
45 72 0.755317
45 73 0.770710
45 74 0.773843
45 75 0.785676
45 76 0.787313
45 77 0.792244
45 78 0.783371
45 79 0.767959
45 80 0.758366
45 81 0.600610
45 82 0.721837
45 83 0.758903
45 84 0.747056
45 85 0.766724
45 86 0.766601
45 87 0.767938
45 88 0.773257
45 89 0.765631
45 90 0.724493
45 91 0.541866
45 92 0.681279
45 93 0.682839
45 94 0.692683
45 95 0.694979
45 96 0.684525
45 97 0.698343
45 98 0.684093
45 99 0.680319
45 100 0.657991
46 46 1.000000
46 47 0.812928
46 48 0.816288
46 49 0.792791
46 50 0.803096
46 51 0.648908
46 52 0.757173
46 53 0.787040
46 54 0.807369
46 55 0.812651
46 56 0.809811
46 57 0.803830
46 58 0.801870
46 59 0.798218
46 60 0.778126
46 61 0.622840
46 62 0.734814
46 63 0.763083
46 64 0.786934
46 65 0.786576
46 66 0.797023
46 67 0.785063
46 68 0.802780
46 69 0.788379
46 70 0.768359
46 71 0.631030
46 72 0.749790
46 73 0.764649
46 74 0.763868
46 75 0.776902
46 76 0.789082
46 77 0.787042
46 78 0.782166
46 79 0.764093
46 80 0.754212
46 81 0.604448
46 82 0.723428
46 83 0.748501
46 84 0.732079
46 85 0.762476
46 86 0.757995
46 87 0.765697
46 88 0.771148
46 89 0.769829
46 90 0.721978
46 91 0.540015
46 92 0.679687
46 93 0.667661
46 94 0.692884
46 95 0.693398
46 96 0.671975
46 97 0.691819
46 98 0.681015
46 99 0.682036
46 100 0.657243
47 47 1.000000
47 48 0.811808
47 49 0.799767
47 50 0.795060
47 51 0.654768
47 52 0.756439
47 53 0.783431
47 54 0.807073
47 55 0.808149
47 56 0.800148
47 57 0.796763
47 58 0.804436
47 59 0.797851
47 60 0.774972
47 61 0.624082
47 62 0.737587
47 63 0.753955
47 64 0.772003
47 65 0.787532
47 66 0.790246
47 67 0.788467
47 68 0.806383
47 69 0.790062
47 70 0.769213
47 71 0.633749
47 72 0.747548
47 73 0.758161
47 74 0.764841
47 75 0.780891
47 76 0.782984
47 77 0.791452
47 78 0.784058
47 79 0.756623
47 80 0.759294
47 81 0.597630
47 82 0.714465
47 83 0.749566
47 84 0.736126
47 85 0.756057
47 86 0.751326
47 87 0.769187
47 88 0.768523
47 89 0.767472
47 90 0.722795
47 91 0.547193
47 92 0.686367
47 93 0.674036
47 94 0.686635
47 95 0.693008
47 96 0.674415
47 97 0.693286
47 98 0.681601
47 99 0.675984
47 100 0.650247
48 48 1.000000
48 49 0.797423
48 50 0.808101
48 51 0.641062
48 52 0.751996
48 53 0.775900
48 54 0.798814
48 55 0.803839
48 56 0.806872
48 57 0.803988
48 58 0.807602
48 59 0.801910
48 60 0.783838
48 61 0.616513
48 62 0.728966
48 63 0.751332
48 64 0.774529
48 65 0.778114
48 66 0.799750
48 67 0.780808
48 68 0.799727
48 69 0.791862
48 70 0.783690
48 71 0.623360
48 72 0.745249
48 73 0.748967
48 74 0.753305
48 75 0.769606
48 76 0.782081
48 77 0.780456
48 78 0.783751
48 79 0.761010
48 80 0.754342
48 81 0.591459
48 82 0.707878
48 83 0.735843
48 84 0.716638
48 85 0.745472
48 86 0.747942
48 87 0.748744
48 88 0.759076
48 89 0.768463
48 90 0.719498
48 91 0.536781
48 92 0.668878
48 93 0.657790
48 94 0.676482
48 95 0.680808
48 96 0.655059
48 97 0.681177
48 98 0.667055
48 99 0.664242
48 100 0.642945
49 49 1.000000
49 50 0.795797
49 51 0.636282
49 52 0.741291
49 53 0.764790
49 54 0.783119
49 55 0.789759
49 56 0.791307
49 57 0.787074
49 58 0.797551
49 59 0.786251
49 60 0.774329
49 61 0.610459
49 62 0.722439
49 63 0.742674
49 64 0.765182
49 65 0.768046
49 66 0.786924
49 67 0.771517
49 68 0.792348
49 69 0.783351
49 70 0.767403
49 71 0.614592
49 72 0.739691
49 73 0.744613
49 74 0.743802
49 75 0.764200
49 76 0.768462
49 77 0.775650
49 78 0.777614
49 79 0.753877
49 80 0.753516
49 81 0.584339
49 82 0.696012
49 83 0.733740
49 84 0.718538
49 85 0.736029
49 86 0.743874
49 87 0.745500
49 88 0.757920
49 89 0.762038
49 90 0.714986
49 91 0.536922
49 92 0.665424
49 93 0.660814
49 94 0.668299
49 95 0.674159
49 96 0.658351
49 97 0.679545
49 98 0.667699
49 99 0.665891
49 100 0.641175
50 50 1.000000
50 51 0.648620
50 52 0.747989
50 53 0.776644
50 54 0.792074
50 55 0.802949
50 56 0.808597
50 57 0.799783
50 58 0.810556
50 59 0.809290
50 60 0.803679
50 61 0.628383
50 62 0.744964
50 63 0.750308
50 64 0.782320
50 65 0.781506
50 66 0.804573
50 67 0.784700
50 68 0.809113
50 69 0.808361
50 70 0.802073
50 71 0.631834
50 72 0.746748
50 73 0.749521
50 74 0.762294
50 75 0.778902
50 76 0.777821
50 77 0.788704
50 78 0.792940
50 79 0.774661
50 80 0.774240
50 81 0.591231
50 82 0.708103
50 83 0.743400
50 84 0.719608
50 85 0.750240
50 86 0.753660
50 87 0.754074
50 88 0.776501
50 89 0.776170
50 90 0.735099
50 91 0.542057
50 92 0.671927
50 93 0.672670
50 94 0.677794
50 95 0.674952
50 96 0.668452
50 97 0.686323
50 98 0.681598
50 99 0.680708
50 100 0.665246
51 51 1.000000
51 52 0.697493
51 53 0.664899
51 54 0.663265
51 55 0.650143
51 56 0.643236
51 57 0.658108
51 58 0.660761
51 59 0.665101
51 60 0.651402
51 61 0.700564
51 62 0.680170
51 63 0.677003
51 64 0.662288
51 65 0.651491
51 66 0.642871
51 67 0.653743
51 68 0.663239
51 69 0.656322
51 70 0.642289
51 71 0.716868
51 72 0.691195
51 73 0.685169
51 74 0.671749
51 75 0.669089
51 76 0.655720
51 77 0.655557
51 78 0.650740
51 79 0.668579
51 80 0.650684
51 81 0.677609
51 82 0.672963
51 83 0.654344
51 84 0.659361
51 85 0.645493
51 86 0.640917
51 87 0.657378
51 88 0.652422
51 89 0.636466
51 90 0.610385
51 91 0.581365
51 92 0.637787
51 93 0.607092
51 94 0.615986
51 95 0.632708
51 96 0.603398
51 97 0.637041
51 98 0.627238
51 99 0.638507
51 100 0.589714
52 52 1.000000
52 53 0.771194
52 54 0.774260
52 55 0.760048
52 56 0.759304
52 57 0.751381
52 58 0.758802
52 59 0.760015
52 60 0.747854
52 61 0.676594
52 62 0.755129
52 63 0.748757
52 64 0.762602
52 65 0.755662
52 66 0.763907
52 67 0.752639
52 68 0.771358
52 69 0.759459
52 70 0.749506
52 71 0.693484
52 72 0.774639
52 73 0.760823
52 74 0.755705
52 75 0.761543
52 76 0.758633
52 77 0.759358
52 78 0.758423
52 79 0.744325
52 80 0.735731
52 81 0.652139
52 82 0.740252
52 83 0.746672
52 84 0.734992
52 85 0.743679
52 86 0.742178
52 87 0.748628
52 88 0.749123
52 89 0.753387
52 90 0.709154
52 91 0.598797
52 92 0.709628
52 93 0.680788
52 94 0.706699
52 95 0.701156
52 96 0.673881
52 97 0.698799
52 98 0.690431
52 99 0.699330
52 100 0.662880
53 53 1.000000
53 54 0.797909
53 55 0.804243
53 56 0.799664
53 57 0.793538
53 58 0.788813
53 59 0.785998
53 60 0.772318
53 61 0.655215
53 62 0.758978
53 63 0.784954
53 64 0.791920
53 65 0.788119
53 66 0.787930
53 67 0.781659
53 68 0.788037
53 69 0.789961
53 70 0.773587
53 71 0.662175
53 72 0.766524
53 73 0.773576
53 74 0.778084
53 75 0.787348
53 76 0.785393
53 77 0.789719
53 78 0.779304
53 79 0.773857
53 80 0.762439
53 81 0.623682
53 82 0.738386
53 83 0.771204
53 84 0.754271
53 85 0.761557
53 86 0.765135
53 87 0.767530
53 88 0.771129
53 89 0.764893
53 90 0.722782
53 91 0.557891
53 92 0.689714
53 93 0.692590
53 94 0.690297
53 95 0.694131
53 96 0.690146
53 97 0.706046
53 98 0.698621
53 99 0.694209
53 100 0.667793
54 54 1.000000
54 55 0.820765
54 56 0.811785
54 57 0.810302
54 58 0.805934
54 59 0.803158
54 60 0.778904
54 61 0.637442
54 62 0.760623
54 63 0.786023
54 64 0.797475
54 65 0.803834
54 66 0.809506
54 67 0.800133
54 68 0.822512
54 69 0.797139
54 70 0.784788
54 71 0.653329
54 72 0.774022
54 73 0.782930
54 74 0.794110
54 75 0.806624
54 76 0.809891
54 77 0.805581
54 78 0.799818
54 79 0.782844
54 80 0.768931
54 81 0.617954
54 82 0.748076
54 83 0.775930
54 84 0.764659
54 85 0.793370
54 86 0.783167
54 87 0.794675
54 88 0.792489
54 89 0.786746
54 90 0.739703
54 91 0.570825
54 92 0.715284
54 93 0.700886
54 94 0.727739
54 95 0.726182
54 96 0.705641
54 97 0.721611
54 98 0.703338
54 99 0.710792
54 100 0.683164
55 55 1.000000
55 56 0.826180
55 57 0.811114
55 58 0.808975
55 59 0.799060
55 60 0.784679
55 61 0.624772
55 62 0.749776
55 63 0.778982
55 64 0.799562
55 65 0.800246
55 66 0.817381
55 67 0.803598
55 68 0.814920
55 69 0.807327
55 70 0.785075
55 71 0.634788
55 72 0.768820
55 73 0.777410
55 74 0.786445
55 75 0.800958
55 76 0.803774
55 77 0.814247
55 78 0.796634
55 79 0.769503
55 80 0.771112
55 81 0.602702
55 82 0.734258
55 83 0.774659
55 84 0.756567
55 85 0.780913
55 86 0.775516
55 87 0.783739
55 88 0.787608
55 89 0.781597
55 90 0.733788
55 91 0.555443
55 92 0.703955
55 93 0.702967
55 94 0.711483
55 95 0.709650
55 96 0.702858
55 97 0.718446
55 98 0.703586
55 99 0.696863
55 100 0.675708
56 56 1.000000
56 57 0.814892
56 58 0.812314
56 59 0.803794
56 60 0.786577
56 61 0.620255
56 62 0.742530
56 63 0.773166
56 64 0.798220
56 65 0.800180
56 66 0.818509
56 67 0.802121
56 68 0.812248
56 69 0.801167
56 70 0.783588
56 71 0.624762
56 72 0.760729
56 73 0.765584
56 74 0.782041
56 75 0.794922
56 76 0.801631
56 77 0.809774
56 78 0.795841
56 79 0.774206
56 80 0.763729
56 81 0.605107
56 82 0.724913
56 83 0.773472
56 84 0.744182
56 85 0.768236
56 86 0.778787
56 87 0.774058
56 88 0.782685
56 89 0.783110
56 90 0.734201
56 91 0.549685
56 92 0.692427
56 93 0.697098
56 94 0.705089
56 95 0.702646
56 96 0.695696
56 97 0.710938
56 98 0.703211
56 99 0.699072
56 100 0.679322
57 57 1.000000
57 58 0.807923
57 59 0.804779
57 60 0.783238
57 61 0.632600
57 62 0.746189
57 63 0.771001
57 64 0.787475
57 65 0.793340
57 66 0.806620
57 67 0.797474
57 68 0.816322
57 69 0.800739
57 70 0.779531
57 71 0.641742
57 72 0.753543
57 73 0.764340
57 74 0.767408
57 75 0.792096
57 76 0.794577
57 77 0.801135
57 78 0.798811
57 79 0.782731
57 80 0.762757
57 81 0.610903
57 82 0.726781
57 83 0.761281
57 84 0.741444
57 85 0.768144
57 86 0.770259
57 87 0.780947
57 88 0.785690
57 89 0.774580
57 90 0.731667
57 91 0.546244
57 92 0.686054
57 93 0.681923
57 94 0.695999
57 95 0.699754
57 96 0.685810
57 97 0.708308
57 98 0.695937
57 99 0.698266
57 100 0.669991
58 58 1.000000
58 59 0.808882
58 60 0.796619
58 61 0.639239
58 62 0.753109
58 63 0.760989
58 64 0.788193
58 65 0.801352
58 66 0.809586
58 67 0.799476
58 68 0.821791
58 69 0.811982
58 70 0.799497
58 71 0.650424
58 72 0.760994
58 73 0.764105
58 74 0.778682
58 75 0.793619
58 76 0.794035
58 77 0.809007
58 78 0.804183
58 79 0.778200
58 80 0.786493
58 81 0.616662
58 82 0.726187
58 83 0.758366
58 84 0.740500
58 85 0.765314
58 86 0.769602
58 87 0.777060
58 88 0.789584
58 89 0.793632
58 90 0.743601
58 91 0.558161
58 92 0.691504
58 93 0.693517
58 94 0.698007
58 95 0.700875
58 96 0.681939
58 97 0.702604
58 98 0.698486
58 99 0.698680
58 100 0.675091
59 59 1.000000
59 60 0.791045
59 61 0.636068
59 62 0.749460
59 63 0.770042
59 64 0.789053
59 65 0.787246
59 66 0.802774
59 67 0.793363
59 68 0.817205
59 69 0.808936
59 70 0.790371
59 71 0.649756
59 72 0.753387
59 73 0.766767
59 74 0.773774
59 75 0.793349
59 76 0.795157
59 77 0.797772
59 78 0.802491
59 79 0.792405
59 80 0.781110
59 81 0.613048
59 82 0.723470
59 83 0.760186
59 84 0.749059
59 85 0.770686
59 86 0.775195
59 87 0.776176
59 88 0.788712
59 89 0.783370
59 90 0.744649
59 91 0.558397
59 92 0.683718
59 93 0.685179
59 94 0.693028
59 95 0.697573
59 96 0.688606
59 97 0.709538
59 98 0.703265
59 99 0.707671
59 100 0.680601
60 60 1.000000
60 61 0.640486
60 62 0.738554
60 63 0.748966
60 64 0.772421
60 65 0.777080
60 66 0.786099
60 67 0.780168
60 68 0.797968
60 69 0.804630
60 70 0.796489
60 71 0.641688
60 72 0.741697
60 73 0.749137
60 74 0.761097
60 75 0.772961
60 76 0.769066
60 77 0.781774
60 78 0.790689
60 79 0.771816
60 80 0.783102
60 81 0.609858
60 82 0.713455
60 83 0.738811
60 84 0.726902
60 85 0.744918
60 86 0.756729
60 87 0.762268
60 88 0.779359
60 89 0.783382
60 90 0.752581
60 91 0.552630
60 92 0.677610
60 93 0.672541
60 94 0.680029
60 95 0.674178
60 96 0.672658
60 97 0.698674
60 98 0.700483
60 99 0.700743
60 100 0.688588
61 61 1.000000
61 62 0.667162
61 63 0.661046
61 64 0.649957
61 65 0.632815
61 66 0.625438
61 67 0.629628
61 68 0.639188
61 69 0.644180
61 70 0.633046
61 71 0.697501
61 72 0.672177
61 73 0.664807
61 74 0.643667
61 75 0.642605
61 76 0.634947
61 77 0.628872
61 78 0.632480
61 79 0.649333
61 80 0.637100
61 81 0.638562
61 82 0.661624
61 83 0.631817
61 84 0.638931
61 85 0.629934
61 86 0.619934
61 87 0.633285
61 88 0.636631
61 89 0.621899
61 90 0.604045
61 91 0.551253
61 92 0.614587
61 93 0.574039
61 94 0.598366
61 95 0.604104
61 96 0.565766
61 97 0.601902
61 98 0.595779
61 99 0.609871
61 100 0.565234
62 62 1.000000
62 63 0.745495
62 64 0.752122
62 65 0.750192
62 66 0.760668
62 67 0.751267
62 68 0.768976
62 69 0.762543
62 70 0.748273
62 71 0.691934
62 72 0.758089
62 73 0.753315
62 74 0.758660
62 75 0.766953
62 76 0.758403
62 77 0.760797
62 78 0.763724
62 79 0.738242
62 80 0.739038
62 81 0.653185
62 82 0.734625
62 83 0.753774
62 84 0.736990
62 85 0.745162
62 86 0.740063
62 87 0.753669
62 88 0.759356
62 89 0.746204
62 90 0.708917
62 91 0.590202
62 92 0.703033
62 93 0.687365
62 94 0.696727
62 95 0.693454
62 96 0.673364
62 97 0.698203
62 98 0.692100
62 99 0.697617
62 100 0.661605
63 63 1.000000
63 64 0.793277
63 65 0.768648
63 66 0.784185
63 67 0.769136
63 68 0.783042
63 69 0.770350
63 70 0.749242
63 71 0.679256
63 72 0.775697
63 73 0.791887
63 74 0.778640
63 75 0.785569
63 76 0.787494
63 77 0.775121
63 78 0.771065
63 79 0.791264
63 80 0.747862
63 81 0.647695
63 82 0.758823
63 83 0.773296
63 84 0.766955
63 85 0.777776
63 86 0.778356
63 87 0.770773
63 88 0.766663
63 89 0.752147
63 90 0.710616
63 91 0.582859
63 92 0.720026
63 93 0.690299
63 94 0.709943
63 95 0.710859
63 96 0.703409
63 97 0.724266
63 98 0.702180
63 99 0.708109
63 100 0.664548
64 64 1.000000
64 65 0.788631
64 66 0.805401
64 67 0.789276
64 68 0.804997
64 69 0.791699
64 70 0.770716
64 71 0.662348
64 72 0.774220
64 73 0.795906
64 74 0.786869
64 75 0.800032
64 76 0.807737
64 77 0.802751
64 78 0.798607
64 79 0.799191
64 80 0.768152
64 81 0.634635
64 82 0.759383
64 83 0.788363
64 84 0.769110
64 85 0.791898
64 86 0.798136
64 87 0.787154
64 88 0.791118
64 89 0.778004
64 90 0.736601
64 91 0.575762
64 92 0.717957
64 93 0.704655
64 94 0.727091
64 95 0.723078
64 96 0.715036
64 97 0.734037
64 98 0.724402
64 99 0.723736
64 100 0.690230
65 65 1.000000
65 66 0.806880
65 67 0.797245
65 68 0.815547
65 69 0.801633
65 70 0.787772
65 71 0.648067
65 72 0.758701
65 73 0.768306
65 74 0.795010
65 75 0.797757
65 76 0.803774
65 77 0.811690
65 78 0.802186
65 79 0.775641
65 80 0.781597
65 81 0.611845
65 82 0.742519
65 83 0.769159
65 84 0.761205
65 85 0.778848
65 86 0.783512
65 87 0.792544
65 88 0.799700
65 89 0.792374
65 90 0.755548
65 91 0.563327
65 92 0.707252
65 93 0.711100
65 94 0.723466
65 95 0.709457
65 96 0.710334
65 97 0.731691
65 98 0.719446
65 99 0.721413
65 100 0.703484
66 66 1.000000
66 67 0.810433
66 68 0.831252
66 69 0.815724
66 70 0.793540
66 71 0.635542
66 72 0.774857
66 73 0.779584
66 74 0.793889
66 75 0.812826
66 76 0.814475
66 77 0.823392
66 78 0.814449
66 79 0.793023
66 80 0.782231
66 81 0.609959
66 82 0.744632
66 83 0.783514
66 84 0.765608
66 85 0.796247
66 86 0.806180
66 87 0.800220
66 88 0.807882
66 89 0.806020
66 90 0.756473
66 91 0.570379
66 92 0.714249
66 93 0.707433
66 94 0.727584
66 95 0.723674
66 96 0.706868
66 97 0.730657
66 98 0.721095
66 99 0.726263
66 100 0.702100
67 67 1.000000
67 68 0.821933
67 69 0.802953
67 70 0.781179
67 71 0.656689
67 72 0.755416
67 73 0.769363
67 74 0.789424
67 75 0.803249
67 76 0.804906
67 77 0.816838
67 78 0.815179
67 79 0.781501
67 80 0.785330
67 81 0.605068
67 82 0.735969
67 83 0.770220
67 84 0.762687
67 85 0.779761
67 86 0.788460
67 87 0.797226
67 88 0.802516
67 89 0.794802
67 90 0.759173
67 91 0.566757
67 92 0.706120
67 93 0.706182
67 94 0.720241
67 95 0.710562
67 96 0.716500
67 97 0.726933
67 98 0.719730
67 99 0.721886
67 100 0.698146
68 68 1.000000
68 69 0.831867
68 70 0.811641
68 71 0.657914
68 72 0.775662
68 73 0.785935
68 74 0.803797
68 75 0.824061
68 76 0.829686
68 77 0.840297
68 78 0.842439
68 79 0.809971
68 80 0.808859
68 81 0.626446
68 82 0.757177
68 83 0.787176
68 84 0.771299
68 85 0.807582
68 86 0.812434
68 87 0.825972
68 88 0.829526
68 89 0.828372
68 90 0.783673
68 91 0.578905
68 92 0.723867
68 93 0.717963
68 94 0.738898
68 95 0.735556
68 96 0.724435
68 97 0.750955
68 98 0.740133
68 99 0.750879
68 100 0.726031
69 69 1.000000
69 70 0.812310
69 71 0.653181
69 72 0.765901
69 73 0.773710
69 74 0.788319
69 75 0.803623
69 76 0.805762
69 77 0.821145
69 78 0.818984
69 79 0.804255
69 80 0.806553
69 81 0.619465
69 82 0.736387
69 83 0.768863
69 84 0.760588
69 85 0.784330
69 86 0.789375
69 87 0.803329
69 88 0.816898
69 89 0.812597
69 90 0.775176
69 91 0.555822
69 92 0.696971
69 93 0.711014
69 94 0.722764
69 95 0.706580
69 96 0.708243
69 97 0.734315
69 98 0.731819
69 99 0.741267
69 100 0.715413
70 70 1.000000
70 71 0.645136
70 72 0.748859
70 73 0.754899
70 74 0.773259
70 75 0.787787
70 76 0.790666
70 77 0.797315
70 78 0.806650
70 79 0.777016
70 80 0.804273
70 81 0.612205
70 82 0.725824
70 83 0.751827
70 84 0.746056
70 85 0.772024
70 86 0.773497
70 87 0.780662
70 88 0.800239
70 89 0.801976
70 90 0.773820
70 91 0.561719
70 92 0.692288
70 93 0.692577
70 94 0.709180
70 95 0.703861
70 96 0.701736
70 97 0.728637
70 98 0.722948
70 99 0.725975
70 100 0.712147
71 71 1.000000
71 72 0.687024
71 73 0.690336
71 74 0.675168
71 75 0.672318
71 76 0.650747
71 77 0.652597
71 78 0.653709
71 79 0.667170
71 80 0.659140
71 81 0.678934
71 82 0.701748
71 83 0.666143
71 84 0.669833
71 85 0.651325
71 86 0.643830
71 87 0.668380
71 88 0.656409
71 89 0.643524
71 90 0.626131
71 91 0.593562
71 92 0.660885
71 93 0.625739
71 94 0.630735
71 95 0.639158
71 96 0.625344
71 97 0.650359
71 98 0.637202
71 99 0.651782
71 100 0.596414
72 72 1.000000
72 73 0.789629
72 74 0.772714
72 75 0.776832
72 76 0.779131
72 77 0.770301
72 78 0.763512
72 79 0.763457
72 80 0.746407
72 81 0.658533
72 82 0.766432
72 83 0.775094
72 84 0.756983
72 85 0.764693
72 86 0.764944
72 87 0.767222
72 88 0.770114
72 89 0.767922
72 90 0.714751
72 91 0.623929
72 92 0.748263
72 93 0.707579
72 94 0.729853
72 95 0.732959
72 96 0.700230
72 97 0.733734
72 98 0.714326
72 99 0.713852
72 100 0.677491
73 73 1.000000
73 74 0.790351
73 75 0.800822
73 76 0.795488
73 77 0.795229
73 78 0.787576
73 79 0.791261
73 80 0.759764
73 81 0.656955
73 82 0.772424
73 83 0.793656
73 84 0.790348
73 85 0.791166
73 86 0.797906
73 87 0.791353
73 88 0.787911
73 89 0.782905
73 90 0.738538
73 91 0.596704
73 92 0.741905
73 93 0.716245
73 94 0.743873
73 95 0.741120
73 96 0.732575
73 97 0.743895
73 98 0.727310
73 99 0.732021
73 100 0.694847
74 74 1.000000
74 75 0.809413
74 76 0.805090
74 77 0.807297
74 78 0.800091
74 79 0.776211
74 80 0.773304
74 81 0.635740
74 82 0.751536
74 83 0.788263
74 84 0.784151
74 85 0.795656
74 86 0.792915
74 87 0.804515
74 88 0.800033
74 89 0.790048
74 90 0.752606
74 91 0.586742
74 92 0.733449
74 93 0.735502
74 94 0.746405
74 95 0.741814
74 96 0.741731
74 97 0.748240
74 98 0.732876
74 99 0.740062
74 100 0.703597
75 75 1.000000
75 76 0.819395
75 77 0.827532
75 78 0.823646
75 79 0.800433
75 80 0.790652
75 81 0.634803
75 82 0.757585
75 83 0.808328
75 84 0.796783
75 85 0.821780
75 86 0.822485
75 87 0.822611
75 88 0.825872
75 89 0.817425
75 90 0.776623
75 91 0.588086
75 92 0.733799
75 93 0.739162
75 94 0.753636
75 95 0.752419
75 96 0.744731
75 97 0.758096
75 98 0.754848
75 99 0.756262
75 100 0.729725
76 76 1.000000
76 77 0.825933
76 78 0.830949
76 79 0.809084
76 80 0.794535
76 81 0.640156
76 82 0.762279
76 83 0.796571
76 84 0.794266
76 85 0.819096
76 86 0.819373
76 87 0.823438
76 88 0.823227
76 89 0.817343
76 90 0.774161
76 91 0.582171
76 92 0.740601
76 93 0.729441
76 94 0.752197
76 95 0.757618
76 96 0.741980
76 97 0.765423
76 98 0.754733
76 99 0.757324
76 100 0.723734
77 77 1.000000
77 78 0.839142
77 79 0.803169
77 80 0.802499
77 81 0.627130
77 82 0.755671
77 83 0.800492
77 84 0.786952
77 85 0.815948
77 86 0.827064
77 87 0.827237
77 88 0.837347
77 89 0.829266
77 90 0.783686
77 91 0.578402
77 92 0.730046
77 93 0.740318
77 94 0.754933
77 95 0.752413
77 96 0.745542
77 97 0.764626
77 98 0.763709
77 99 0.765578
77 100 0.738321
78 78 1.000000
78 79 0.810906
78 80 0.821013
78 81 0.628734
78 82 0.753667
78 83 0.791463
78 84 0.789318
78 85 0.817458
78 86 0.826319
78 87 0.835256
78 88 0.848129
78 89 0.840495
78 90 0.807492
78 91 0.581642
78 92 0.732182
78 93 0.733524
78 94 0.752653
78 95 0.746105
78 96 0.754595
78 97 0.778260
78 98 0.773738
78 99 0.780931
78 100 0.758899
79 79 1.000000
79 80 0.790388
79 81 0.649664
79 82 0.759010
79 83 0.775369
79 84 0.784496
79 85 0.799801
79 86 0.809709
79 87 0.817014
79 88 0.818765
79 89 0.803479
79 90 0.773180
79 91 0.566970
79 92 0.713169
79 93 0.695554
79 94 0.721082
79 95 0.718986
79 96 0.729442
79 97 0.753403
79 98 0.757072
79 99 0.771226
79 100 0.727234
80 80 1.000000
80 81 0.627079
80 82 0.734962
80 83 0.758340
80 84 0.766322
80 85 0.786255
80 86 0.786912
80 87 0.807610
80 88 0.823280
80 89 0.819060
80 90 0.801933
80 91 0.570954
80 92 0.713625
80 93 0.713599
80 94 0.720980
80 95 0.720502
80 96 0.720312
80 97 0.750965
80 98 0.758810
80 99 0.766479
80 100 0.750649
81 81 1.000000
81 82 0.674256
81 83 0.641482
81 84 0.649977
81 85 0.632184
81 86 0.631204
81 87 0.650032
81 88 0.642252
81 89 0.636603
81 90 0.600949
81 91 0.571907
81 92 0.652255
81 93 0.597759
81 94 0.619433
81 95 0.638757
81 96 0.611002
81 97 0.644819
81 98 0.636808
81 99 0.649291
81 100 0.595048
82 82 1.000000
82 83 0.769032
82 84 0.754720
82 85 0.763873
82 86 0.763631
82 87 0.770408
82 88 0.769003
82 89 0.754352
82 90 0.718935
82 91 0.612754
82 92 0.749935
82 93 0.702505
82 94 0.725069
82 95 0.726344
82 96 0.711512
82 97 0.745038
82 98 0.735763
82 99 0.732309
82 100 0.694556
83 83 1.000000
83 84 0.805332
83 85 0.803493
83 86 0.806638
83 87 0.801580
83 88 0.797901
83 89 0.789442
83 90 0.743290
83 91 0.594654
83 92 0.749421
83 93 0.751616
83 94 0.760005
83 95 0.761518
83 96 0.747926
83 97 0.757343
83 98 0.753575
83 99 0.751487
83 100 0.719410
84 84 1.000000
84 85 0.810906
84 86 0.805102
84 87 0.809179
84 88 0.806572
84 89 0.786089
84 90 0.761501
84 91 0.587741
84 92 0.737735
84 93 0.741661
84 94 0.756925
84 95 0.760972
84 96 0.765444
84 97 0.764919
84 98 0.762904
84 99 0.770312
84 100 0.727109
85 85 1.000000
85 86 0.834626
85 87 0.830109
85 88 0.831766
85 89 0.815109
85 90 0.778241
85 91 0.583070
85 92 0.747250
85 93 0.735474
85 94 0.771019
85 95 0.768736
85 96 0.760809
85 97 0.781858
85 98 0.772688
85 99 0.779385
85 100 0.751458
86 86 1.000000
86 87 0.828824
86 88 0.838280
86 89 0.825380
86 90 0.791750
86 91 0.586755
86 92 0.746172
86 93 0.743300
86 94 0.769918
86 95 0.773325
86 96 0.773799
86 97 0.792451
86 98 0.788003
86 99 0.789631
86 100 0.762958
87 87 1.000000
87 88 0.849207
87 89 0.837302
87 90 0.803770
87 91 0.584117
87 92 0.752717
87 93 0.743569
87 94 0.774301
87 95 0.771861
87 96 0.792485
87 97 0.798793
87 98 0.800366
87 99 0.807880
87 100 0.771471
88 88 1.000000
88 89 0.856390
88 90 0.821994
88 91 0.598902
88 92 0.750206
88 93 0.749476
88 94 0.777350
88 95 0.773062
88 96 0.779615
88 97 0.807375
88 98 0.813007
88 99 0.821946
88 100 0.795141
89 89 1.000000
89 90 0.817544
89 91 0.593152
89 92 0.747875
89 93 0.740975
89 94 0.771730
89 95 0.770569
89 96 0.762617
89 97 0.793432
89 98 0.796309
89 99 0.809557
89 100 0.786454
90 90 1.000000
90 91 0.567838
90 92 0.706567
90 93 0.719593
90 94 0.730604
90 95 0.730937
90 96 0.745865
90 97 0.779196
90 98 0.787544
90 99 0.789052
90 100 0.791372
91 91 1.000000
91 92 0.638459
91 93 0.571028
91 94 0.603501
91 95 0.623495
91 96 0.568412
91 97 0.614960
91 98 0.604520
91 99 0.603408
91 100 0.561884
92 92 1.000000
92 93 0.723689
92 94 0.761096
92 95 0.763773
92 96 0.728314
92 97 0.758345
92 98 0.742632
92 99 0.740877
92 100 0.705538
93 93 1.000000
93 94 0.734922
93 95 0.743306
93 96 0.756686
93 97 0.752852
93 98 0.754038
93 99 0.741786
93 100 0.721050
94 94 1.000000
94 95 0.763756
94 96 0.767148
94 97 0.777141
94 98 0.770054
94 99 0.772823
94 100 0.749330
95 95 1.000000
95 96 0.778495
95 97 0.784881
95 98 0.784905
95 99 0.775041
95 100 0.745190
96 96 1.000000
96 97 0.808260
96 98 0.813177
96 99 0.797902
96 100 0.765301
97 97 1.000000
97 98 0.835317
97 99 0.831643
97 100 0.807743
98 98 1.000000
98 99 0.852805
98 100 0.838238
99 99 1.000000
99 100 0.845201
100 100 1.000000